px_est	py_est	v_est	yaw_ang_est	yaw_rate_est	sensor_type	NIS	px_meas	py_meas	px_gt	py_gt	vx_gt	vy_gt	yaw_ang_gt	yaw_rate_gt	NIS_laser	NIS_radar
0.312243	0.58034	0	0	0	lidar	1.36955e-030	0.312243	0.58034	0.6	0.6	5.19994	0	0	0.00691132	1.36955e-030	7.8
0.740308	0.592839	8.37744	2.16003e-018	4.90675e-018	radar	18.0602	0.862916	0.534212	0.859997	0.600045	5.19975	0.00179686	0.000345566	0.0138215	1.36955e-030	18.0602
1.14572	0.562895	8.37145	-0.0162969	-0.0114767	lidar	0.42754	1.17385	0.481073	1.11998	0.600225	5.19943	0.00538996	0.00103664	0.0207296	0.42754	18.0602
1.27769	0.529488	5.40623	-0.0558615	-0.0896112	radar	13.4963	0.969149	0.397513	1.37996	0.600629	5.19898	0.0107781	0.00207312	0.0276344	0.42754	13.4963
1.56981	0.53141	5.47842	-0.0596287	-0.0877076	lidar	0.83518	1.65063	0.62469	1.6399	0.601347	5.19839	0.0179597	0.00345484	0.0345348	0.83518	13.4963
1.82727	0.541242	5.4337	-0.0296073	-0.0295218	radar	0.826483	1.62331	0.499091	1.89982	0.60247	5.19766	0.0269323	0.00518158	0.0414297	0.83518	0.826483
2.11544	0.54785	5.4729	-0.0243763	-0.0107245	lidar	0.815887	2.18882	0.648739	2.1597	0.604086	5.19678	0.0376932	0.00725307	0.0483182	0.815887	0.826483
2.32937	0.596226	5.29116	0.0380108	0.110242	radar	3.48915	1.96701	0.557117	2.41954	0.606284	5.19573	0.0502389	0.00966898	0.0551989	0.815887	3.48915
2.60372	0.615428	5.31167	0.0487693	0.125941	lidar	0.275503	2.65526	0.66598	2.67932	0.609155	5.1945	0.0645654	0.0124289	0.062071	0.275503	3.48915
2.86702	0.631019	5.30302	0.0564292	0.128861	radar	0.0485751	2.92034	0.645898	2.93904	0.612786	5.19309	0.080668	0.0155325	0.0689333	0.275503	0.0485751
3.11013	0.646694	5.2672	0.0664526	0.132487	lidar	0.520771	3.01222	0.637046	3.19869	0.617267	5.19147	0.0985415	0.0189791	0.0757847	0.520771	0.0485751
3.3943	0.584472	5.29392	-0.000769258	-0.0287038	radar	2.59733	3.56096	0.485311	3.45825	0.622685	5.18963	0.11818	0.0227684	0.0826241	0.520771	2.59733
3.70192	0.518065	5.36302	-0.0628008	-0.152277	lidar	4.50154	3.89365	0.311793	3.71772	0.62913	5.18754	0.139576	0.0268996	0.0894504	4.50154	2.59733
3.98108	0.561553	5.40244	-0.0197373	-0.0455408	radar	1.96231	4.19786	0.698311	3.97708	0.636689	5.18519	0.162724	0.0313721	0.0962627	4.50154	1.96231
4.2598	0.560975	5.4158	-0.018641	-0.0378441	lidar	0.147529	4.30935	0.578564	4.23632	0.645449	5.18256	0.187614	0.0361852	0.10306	0.147529	1.96231
4.5174	0.590894	5.35606	0.00456721	0.00806315	radar	1.13038	4.61908	0.68951	4.49542	0.655498	5.17962	0.214238	0.0413382	0.10984	0.147529	1.13038
4.71122	0.683752	5.24183	0.0729712	0.125256	lidar	9.86561	4.35143	0.899174	4.75437	0.666921	5.17634	0.242587	0.0468302	0.116604	9.86561	1.13038
4.96272	0.684983	5.16252	0.0664826	0.104278	radar	2.15369	5.20901	0.66599	5.01315	0.679804	5.1727	0.272649	0.0526604	0.123349	9.86561	2.15369
5.26757	0.683085	5.23058	0.0567544	0.0812275	lidar	3.428	5.51894	0.648233	5.27175	0.694234	5.16867	0.304413	0.0588279	0.130074	3.428	2.15369
5.52729	0.692193	5.26669	0.0572489	0.0753271	radar	1.46016	5.22834	0.639362	5.53013	0.710295	5.16422	0.337868	0.0653316	0.136779	3.428	1.46016
5.82578	0.704851	5.31738	0.0577966	0.0709972	lidar	2.02693	6.022	0.708619	5.78828	0.728072	5.15932	0.372999	0.0721706	0.143463	2.02693	1.46016
6.06819	0.6452	5.21496	0.0165038	0.00190593	radar	4.53311	5.89392	0.373584	6.04618	0.747647	5.15393	0.409793	0.0793437	0.150124	2.02693	4.53311
6.32677	0.740832	5.21338	0.0699619	0.0814979	lidar	2.77728	6.34249	0.948833	6.30379	0.769103	5.14803	0.448233	0.0868499	0.156761	2.77728	4.53311
6.57693	0.772639	5.1672	0.0817214	0.0925861	radar	0.454702	6.62134	0.836138	6.5611	0.792523	5.14157	0.488305	0.0946879	0.163373	2.77728	0.454702
6.82709	0.77019	5.1567	0.0731638	0.0735941	lidar	0.30358	6.78214	0.714036	6.81808	0.817988	5.13452	0.52999	0.102857	0.169959	0.30358	0.454702
7.06938	0.758819	5.04932	0.0601673	0.0492581	radar	3.15361	7.29121	0.630741	7.07469	0.845578	5.12685	0.573269	0.111355	0.176519	0.30358	3.15361
7.29034	0.83369	5.0094	0.0961269	0.0963233	lidar	2.25254	7.13735	0.957217	7.3309	0.875373	5.11851	0.618123	0.120181	0.183051	2.25254	3.15361
7.5841	0.848178	5.14782	0.0935534	0.0859741	radar	4.73948	8.08349	0.819605	7.58668	0.907449	5.10946	0.664531	0.129333	0.189554	2.25254	4.73948
7.83694	0.825191	5.13969	0.0726691	0.0511655	lidar	0.77249	7.80533	0.719126	7.84199	0.941886	5.09966	0.712469	0.138811	0.196027	0.77249	4.73948
8.08596	0.844414	5.06391	0.0752737	0.0504914	radar	2.40392	8.40453	0.884557	8.0968	0.978759	5.08907	0.761915	0.148612	0.202468	0.77249	2.40392
8.32466	0.857721	5.04452	0.0752337	0.0470375	lidar	0.324898	8.24796	0.840322	8.35106	1.01814	5.07766	0.812843	0.158735	0.208879	0.324898	2.40392
8.59435	0.946318	5.16971	0.113736	0.0974405	radar	6.46896	8.45858	1.41118	8.60472	1.06011	5.06537	0.865226	0.169179	0.215255	0.324898	6.46896
8.8335	1.00132	5.14796	0.132522	0.116524	lidar	0.557549	8.74615	1.04858	8.85775	1.10473	5.05216	0.919037	0.179942	0.221599	0.557549	6.46896
9.12353	1.04152	5.21207	0.139245	0.117326	radar	6.82322	9.8809	1.1419	9.1101	1.15208	5.03798	0.974245	0.191022	0.227907	0.557549	6.82322
9.36254	1.07121	5.18481	0.142438	0.113876	lidar	0.62286	9.25579	1.04913	9.36172	1.20223	5.0228	1.03082	0.202417	0.234179	0.62286	6.82322
9.64193	1.14606	5.24471	0.16588	0.137619	radar	4.34435	10.1016	1.52474	9.61255	1.25524	5.00656	1.08873	0.214126	0.240414	0.62286	4.34435
9.91698	1.27248	5.28402	0.213813	0.192917	lidar	2.83966	10.0484	1.44598	9.86254	1.31118	4.98922	1.14794	0.226147	0.246611	2.83966	4.34435
10.1637	1.36665	5.20049	0.245265	0.225159	radar	4.7446	10.5377	1.72555	10.1117	1.37011	4.97074	1.20841	0.238478	0.252769	2.83966	4.7446
10.3889	1.44485	5.16734	0.265522	0.237687	lidar	1.04758	10.2492	1.45907	10.3598	1.4321	4.95106	1.2701	0.251116	0.258887	1.04758	4.7446
10.6187	1.53361	5.0545	0.292527	0.262589	radar	3.79344	10.9084	1.70343	10.6069	1.49721	4.93014	1.33298	0.26406	0.264964	1.04758	3.79344
10.8444	1.55901	5.01636	0.282551	0.232117	lidar	1.38045	10.7313	1.45265	10.853	1.56549	4.90794	1.39701	0.277309	0.271	1.38045	3.79344
11.1109	1.61103	5.07502	0.280659	0.212287	radar	2.11874	11.4783	1.42876	11.0979	1.637	4.8844	1.46213	0.290859	0.276993	1.38045	2.11874
11.3921	1.65215	5.11577	0.272071	0.186201	lidar	2.13208	11.587	1.61462	11.3416	1.71179	4.85948	1.52832	0.304708	0.282942	2.13208	2.11874
11.6227	1.70961	5.05874	0.277889	0.183017	radar	0.834083	11.4763	1.53917	11.584	1.78992	4.83313	1.59551	0.318855	0.288846	2.13208	0.834083
11.8528	1.77113	5.03805	0.283972	0.179099	lidar	0.322188	11.7788	1.74591	11.8251	1.87144	4.80531	1.66366	0.333298	0.294705	0.322188	0.834083
12.1092	1.86311	5.11742	0.299612	0.185595	radar	1.41818	12.136	2.14937	12.0647	1.95639	4.77598	1.73273	0.348033	0.300517	0.322188	1.41818
12.3535	1.88652	5.09462	0.28237	0.150596	lidar	0.756204	12.3226	1.78353	12.3029	2.04482	4.74508	1.80265	0.363059	0.306282	0.756204	1.41818
12.6104	1.94686	5.15361	0.280993	0.136598	radar	0.921415	12.5457	1.77728	12.5394	2.13677	4.71257	1.87338	0.378373	0.311998	0.756204	0.921415
12.8101	2.08357	5.1187	0.325468	0.186415	lidar	3.196	12.5924	2.17509	12.7743	2.23227	4.67842	1.94485	0.393973	0.317665	3.196	0.921415
13.0778	2.19339	5.23398	0.341739	0.191241	radar	3.259	13.2198	2.6644	13.0075	2.33137	4.64258	2.01701	0.409856	0.323282	3.196	3.259
13.2813	2.33576	5.20354	0.383048	0.233166	lidar	2.429	13.0875	2.40708	13.2388	2.43409	4.605	2.08981	0.42602	0.328848	2.429	3.259
13.4578	2.4867	5.05878	0.434661	0.293576	radar	10.7843	12.7087	3.12439	13.4682	2.54047	4.56565	2.16317	0.442462	0.334362	2.429	10.7843
13.7084	2.59886	5.09118	0.448024	0.291547	lidar	0.885342	13.836	2.62479	13.6955	2.65053	4.52448	2.23703	0.459181	0.339823	0.885342	10.7843
13.9274	2.71405	5.06702	0.466801	0.298612	radar	0.175777	13.8302	2.73893	13.9208	2.7643	4.48147	2.31134	0.476172	0.34523	0.885342	0.175777
14.1564	2.86634	5.09621	0.498499	0.320123	lidar	0.518796	14.2106	2.94205	14.1439	2.88179	4.43656	2.38601	0.493433	0.350583	0.518796	0.175777
14.4075	2.97659	5.18401	0.497786	0.290842	radar	1.52	14.5568	2.87021	14.3646	3.00303	4.38974	2.46099	0.510962	0.355881	0.518796	1.52
14.6155	3.04239	5.11756	0.487885	0.259875	lidar	2.34586	14.4616	2.90734	14.583	3.12802	4.34097	2.5362	0.528756	0.361122	2.34586	1.52
14.8467	3.19935	5.19477	0.512877	0.270665	radar	3.65271	14.6754	3.96041	14.7989	3.25679	4.29021	2.61157	0.546812	0.366307	2.34586	3.65271
15.0548	3.39311	5.22332	0.559394	0.313178	lidar	0.959452	15.0261	3.5067	15.0122	3.38932	4.23744	2.68703	0.565128	0.371433	0.959452	3.65271
15.2641	3.56406	5.19865	0.595028	0.344254	radar	2.50269	15.3685	4.14761	15.2228	3.52563	4.18263	2.76249	0.583699	0.376501	0.959452	2.50269
15.4786	3.74993	5.23215	0.629247	0.365863	lidar	0.50817	15.5236	3.82936	15.4306	3.66572	4.12575	2.83789	0.602525	0.381509	0.50817	2.50269
15.6896	3.88534	5.21284	0.638633	0.354989	radar	1.05302	15.7234	3.4105	15.6355	3.80957	4.06678	2.91315	0.6216	0.386458	0.50817	1.05302
15.913	4.0233	5.21409	0.644602	0.339809	lidar	0.271574	15.9774	4.00094	15.8375	3.95719	4.00571	2.98817	0.640923	0.391345	0.271574	1.05302
16.1068	4.18827	5.15016	0.674187	0.365475	radar	1.72671	16.3376	4.21632	16.0363	4.10854	3.94251	3.0629	0.66049	0.39617	0.271574	1.72671
16.3045	4.38138	5.17846	0.705768	0.382237	lidar	0.296709	16.3313	4.44499	16.2319	4.26363	3.87716	3.13723	0.680299	0.400933	0.296709	1.72671
16.5147	4.54642	5.2015	0.717757	0.370839	radar	0.670304	16.7586	4.48231	16.4242	4.42242	3.80966	3.21109	0.700345	0.405632	0.296709	0.670304
16.6934	4.71041	5.17586	0.73649	0.371379	lidar	0.4914	16.6039	4.67344	16.613	4.5849	3.74	3.28438	0.720627	0.410268	0.4914	0.670304
16.8436	4.90457	5.05628	0.786956	0.432458	radar	4.16586	16.9236	5.10119	16.7983	4.75103	3.66817	3.35704	0.74114	0.414838	0.4914	4.16586
17.007	5.12887	5.09117	0.829142	0.458294	lidar	0.471106	16.9955	5.21099	16.9799	4.92077	3.59416	3.42897	0.761882	0.419343	0.471106	4.16586
17.1768	5.29838	5.05534	0.846585	0.45491	radar	1.6887	17.3421	4.64623	17.1579	5.09409	3.51797	3.50008	0.782849	0.423782	0.471106	1.6887
17.3361	5.47534	5.03321	0.865564	0.450435	lidar	0.204166	17.2894	5.43542	17.3319	5.27094	3.4396	3.57028	0.804038	0.428154	0.204166	1.6887
17.4922	5.64282	4.97665	0.883608	0.450599	radar	3.11842	17.6463	4.74597	17.5019	5.45128	3.35907	3.63949	0.825446	0.432459	0.204166	3.11842
17.6869	5.75913	4.91659	0.866247	0.401092	lidar	1.86889	17.7853	5.62476	17.6679	5.63506	3.27637	3.70762	0.847069	0.436695	1.86889	3.11842
17.8302	5.95404	4.87389	0.899305	0.426937	radar	0.856285	17.9216	6.07151	17.8297	5.82221	3.19151	3.77458	0.868904	0.440862	1.86889	0.856285
18.0043	6.14336	4.89234	0.91196	0.415824	lidar	0.824974	18.1263	6.16985	17.9872	6.01269	3.10453	3.84027	0.890947	0.444959	0.824974	0.856285
18.1545	6.35032	4.9158	0.935206	0.417433	radar	0.734302	18.1245	6.79027	18.1402	6.20641	3.01542	3.90462	0.913195	0.448987	0.824974	0.734302
18.2749	6.59049	4.9506	0.977654	0.444185	lidar	0.564613	18.2164	6.66138	18.2888	6.40332	2.92421	3.96753	0.935644	0.452943	0.564613	0.734302
18.4067	6.80415	4.94872	1.00543	0.453778	radar	0.222531	18.4022	7.02231	18.4328	6.60333	2.83093	4.0289	0.958291	0.456828	0.564613	0.222531
18.5563	6.93518	4.85565	0.995457	0.414008	lidar	1.9742	18.5422	6.76013	18.572	6.80638	2.7356	4.08867	0.981133	0.46064	1.9742	0.222531
18.7073	7.14039	4.90317	1.0024	0.387253	radar	0.7477	18.8089	7.24388	18.7064	7.01237	2.63825	4.14672	1.00417	0.46438	1.9742	0.7477
18.907	7.27448	4.85169	0.974418	0.329054	lidar	3.90412	19.1441	7.18344	18.8359	7.22122	2.53893	4.20299	1.02738	0.468047	3.90412	0.7477
18.995	7.4745	4.76134	1.01687	0.376767	radar	3.90324	18.5479	7.4012	18.9604	7.43283	2.43767	4.25737	1.05079	0.47164	3.90412	3.90324
19.0835	7.74415	4.83053	1.06848	0.416993	lidar	1.38017	19.0138	7.8688	19.0798	7.64712	2.3345	4.3098	1.07437	0.475158	1.38017	3.90324
19.2058	7.94917	4.83538	1.08146	0.403739	radar	0.291179	19.3089	7.67375	19.1939	7.86397	2.22949	4.36017	1.09813	0.478601	1.38017	0.291179
19.2841	8.1672	4.81936	1.11452	0.41957	lidar	1.30975	19.132	8.12845	19.3028	8.08329	2.12266	4.40842	1.12206	0.481969	1.30975	0.291179
19.3845	8.37628	4.82758	1.12852	0.402691	radar	2.2373	19.0239	8.17194	19.4062	8.30497	2.01409	4.45445	1.14615	0.48526	1.30975	2.2373
19.4807	8.52072	4.71407	1.12939	0.379979	lidar	3.54998	19.347	8.30741	19.5042	8.5289	1.90381	4.49819	1.17042	0.488475	3.54998	2.2373
19.5728	8.72676	4.68435	1.15217	0.389909	radar	0.514308	19.6843	8.35902	19.5966	8.75494	1.7919	4.53956	1.19484	0.491613	3.54998	0.514308
19.7359	8.90017	4.66046	1.13418	0.34471	lidar	4.05099	20.0039	8.8906	19.6835	8.983	1.67841	4.57848	1.21942	0.494673	4.05099	0.514308
19.8098	9.11952	4.62918	1.16946	0.377578	radar	1.022	19.6061	9.48659	19.7645	9.21294	1.56341	4.61488	1.24416	0.497655	4.05099	1.022
19.9393	9.3493	4.67484	1.1766	0.36327	lidar	3.13395	20.1574	9.45949	19.8398	9.44463	1.44697	4.64869	1.26904	0.500558	3.13395	1.022
19.9845	9.56925	4.61127	1.22502	0.418746	radar	2.5858	19.6163	9.76606	19.9093	9.67795	1.32916	4.67984	1.29407	0.503383	3.13395	2.5858
20.0698	9.81385	4.65761	1.24883	0.422043	lidar	0.893314	20.1573	9.90876	19.9728	9.91275	1.21005	4.70826	1.31923	0.506127	0.893314	2.5858
20.1309	10.0637	4.71567	1.27528	0.420361	radar	7.26911	19.1911	11.5493	20.0303	10.1489	1.08972	4.73389	1.34454	0.508793	0.893314	7.26911
20.1763	10.3425	4.79064	1.31658	0.444165	lidar	1.01856	20.166	10.4687	20.0818	10.3863	0.968259	4.75666	1.36998	0.511377	1.01856	7.26911
20.191	10.5793	4.7518	1.36822	0.495654	radar	2.79293	19.6775	10.803	20.1271	10.6247	0.845742	4.77652	1.39555	0.513881	1.01856	2.79293
20.2476	10.8562	4.82588	1.39698	0.499648	lidar	2.10828	20.371	11.0109	20.1663	10.864	0.722256	4.7934	1.42124	0.516304	2.10828	2.79293
20.2762	11.115	4.86758	1.42584	0.497719	radar	4.89259	19.4335	12.3402	20.1993	11.1041	0.597892	4.80727	1.44706	0.518645	2.10828	4.89259
20.3104	11.3532	4.86365	1.44931	0.49612	lidar	0.00386064	20.3164	11.3483	20.2261	11.3449	0.472738	4.81807	1.47299	0.520904	0.00386064	4.89259
20.2531	11.6041	4.81165	1.53342	0.60118	radar	10.1558	19.2063	12.2418	20.2466	11.5861	0.346889	4.82575	1.49904	0.523081	0.00386064	10.1558
20.3255	11.8422	4.81514	1.53564	0.568754	lidar	4.99926	20.6141	11.9422	20.2608	11.8275	0.220439	4.83027	1.52519	0.525176	4.99926	10.1558
20.3537	12.0762	4.84263	1.53432	0.504476	radar	3.92684	19.966	11.9688	20.2687	12.0692	0.093487	4.83159	1.55145	0.527187	4.99926	3.92684
20.3386	12.3666	4.92429	1.57341	0.519065	lidar	1.0503	20.3263	12.4966	20.2701	12.3108	-0.0338694	4.82968	1.57781	0.529115	1.0503	3.92684
20.287	12.6058	4.88158	1.63572	0.588783	radar	2.96443	20.0192	12.4823	20.2652	12.5522	-0.161529	4.82451	1.60426	0.53096	1.0503	2.96443
20.3134	12.8424	4.86704	1.64597	0.567052	lidar	1.98876	20.498	12.8924	20.254	12.7933	-0.28939	4.81605	1.63081	0.532721	1.98876	2.96443
20.3019	13.0729	4.84344	1.67079	0.565767	radar	2.10955	20.9151	12.2555	20.2363	13.0339	-0.417348	4.80428	1.65745	0.534397	1.98876	2.10955
20.2678	13.2831	4.79321	1.69993	0.567565	lidar	0.994538	20.1943	13.1688	20.2122	13.2738	-0.545298	4.78918	1.68417	0.53599	0.994538	2.10955
20.23	13.5179	4.79824	1.7241	0.553866	radar	1.3166	19.858	13.5236	20.1818	13.5129	-0.673135	4.77072	1.71097	0.537498	0.994538	1.3166
20.209	13.7777	4.83351	1.74488	0.545447	lidar	1.36503	20.3245	13.8896	20.1449	13.7509	-0.800753	4.74892	1.73784	0.53892	1.36503	1.3166
20.1536	14.0043	4.81096	1.78166	0.565649	radar	0.799967	20.3387	13.5307	20.1017	13.9878	-0.928043	4.72374	1.76479	0.540258	1.36503	0.799967
20.0974	14.2609	4.8497	1.8111	0.566385	lidar	0.35683	20.1216	14.337	20.0521	14.2233	-1.0549	4.69521	1.7918	0.54151	0.35683	0.799967
20.0257	14.49	4.8469	1.84171	0.56586	radar	1.36196	19.6717	14.4038	19.9962	14.4573	-1.18121	4.66331	1.81888	0.542677	0.35683	1.36196
19.9153	14.7471	4.90624	1.88619	0.583247	lidar	1.11173	19.781	14.773	19.934	14.6897	-1.30687	4.62805	1.84601	0.543759	1.11173	1.36196
19.8499	14.9646	4.88404	1.90005	0.549568	radar	3.43158	20.1149	14.0165	19.8655	14.9202	-1.43177	4.58944	1.8732	0.544754	1.11173	3.43158
19.8225	15.1792	4.83111	1.90712	0.527574	lidar	2.24364	20.0208	15.2053	19.7908	15.1486	-1.55581	4.54751	1.90044	0.545663	2.24364	3.43158
19.6894	15.3873	4.79433	1.98936	0.649849	radar	7.67342	20.0157	15.3443	19.7099	15.3749	-1.67887	4.50226	1.92772	0.546486	2.24364	7.67342
19.6638	15.5701	4.69292	1.99551	0.621853	lidar	3.63298	19.9131	15.554	19.6229	15.5989	-1.80085	4.45372	1.95504	0.547223	3.63298	7.67342
19.5729	15.773	4.67448	2.0198	0.607702	radar	1.34766	19.9388	15.0864	19.5298	15.8203	-1.92164	4.40193	1.98241	0.547873	3.63298	1.34766
19.4678	15.9878	4.68451	2.0498	0.607104	lidar	0.0295305	19.4748	16.0098	19.4307	16.039	-2.04114	4.3469	2.0098	0.548437	0.0295305	1.34766
19.3686	16.1951	4.68429	2.06209	0.564388	radar	1.87205	19.1556	16.0022	19.3257	16.2549	-2.15925	4.28868	2.03722	0.548915	0.0295305	1.87205
19.26	16.3717	4.63596	2.0918	0.566888	lidar	0.584515	19.238	16.2719	19.2148	16.4679	-2.27586	4.22731	2.06467	0.549305	0.584515	1.87205
19.1439	16.5667	4.62712	2.12126	0.570476	radar	0.256782	19.4007	16.2962	19.0981	16.6777	-2.39087	4.16284	2.09213	0.549609	0.584515	0.256782
19.0111	16.7804	4.6634	2.15043	0.570597	lidar	0.205328	19.0029	16.8387	18.9757	16.8841	-2.50418	4.0953	2.11961	0.549826	0.205328	0.256782
18.8535	16.9722	4.67871	2.21418	0.651868	radar	6.46142	18.8373	17.7112	18.8477	17.0872	-2.61571	4.02476	2.1471	0.549957	0.205328	6.46142
18.6738	17.2138	4.79784	2.25017	0.653543	lidar	1.95413	18.6148	17.3832	18.7142	17.2866	-2.72534	3.95127	2.1746	0.55	1.95413	6.46142
18.5746	17.418	4.77195	2.22678	0.534718	radar	6.13907	18.8177	17.0316	18.5752	17.4822	-2.83299	3.87489	2.2021	0.549957	1.95413	6.13907
18.3572	17.6144	4.85297	2.27468	0.556263	lidar	3.81688	18.1023	17.5529	18.4309	17.674	-2.93858	3.79568	2.2296	0.549826	3.81688	6.13907
18.2209	17.8068	4.84299	2.2747	0.494593	radar	2.18273	18.2749	17.4877	18.2814	17.8617	-3.042	3.71372	2.25709	0.549609	3.81688	2.18273
18.0916	17.9924	4.81694	2.28948	0.484292	lidar	0.906857	18.2094	18.0461	18.1268	18.0453	-3.14318	3.62906	2.28457	0.549305	0.906857	2.18273
17.9157	18.1456	4.79582	2.33612	0.530231	radar	2.14684	18.3021	17.498	17.9671	18.2246	-3.24204	3.5418	2.31204	0.548915	0.906857	2.14684
17.7889	18.2848	4.70678	2.35683	0.525294	lidar	1.06397	17.9018	18.2183	17.8026	18.3994	-3.3385	3.45199	2.33948	0.548437	1.06397	2.14684
17.6572	18.4645	4.68546	2.36313	0.49447	radar	6.56072	18.8558	18.1364	17.6334	18.5697	-3.43247	3.35973	2.3669	0.547873	1.06397	6.56072
17.4597	18.6502	4.75006	2.3908	0.496723	lidar	0.531621	17.3845	18.7039	17.4595	18.7353	-3.5239	3.26509	2.3943	0.547223	0.531621	6.56072
17.2796	18.7898	4.73002	2.42808	0.521578	radar	1.81712	17.7945	18.0801	17.281	18.8962	-3.61271	3.16817	2.42166	0.546486	0.531621	1.81712
17.1204	18.9252	4.68229	2.45236	0.520298	lidar	0.287978	17.1762	18.8863	17.0983	19.0521	-3.69883	3.06904	2.44898	0.545663	0.287978	1.81712
16.9531	19.0956	4.69246	2.46386	0.497009	radar	2.99946	16.9398	19.7311	16.9113	19.203	-3.78221	2.9678	2.47627	0.544754	0.287978	2.99946
16.7351	19.2125	4.69954	2.50492	0.51457	lidar	2.74705	16.5734	19.052	16.7201	19.3488	-3.86278	2.86455	2.5035	0.543759	2.74705	2.99946
16.5439	19.3664	4.72304	2.52988	0.519788	radar	3.25912	16.1674	20.2201	16.5251	19.4894	-3.9405	2.75938	2.53069	0.542677	2.74705	3.25912
16.3146	19.5316	4.80622	2.55544	0.517941	lidar	0.86016	16.2338	19.6171	16.3262	19.6246	-4.01531	2.65237	2.55783	0.54151	0.86016	3.25912
16.0921	19.6135	4.78283	2.60908	0.563928	radar	10.1136	16.4366	18.2742	16.1237	19.7545	-4.08716	2.54364	2.5849	0.540258	0.86016	10.1136
15.8853	19.7584	4.81176	2.62931	0.554752	lidar	0.756777	15.9243	19.8703	15.9176	19.8789	-4.15602	2.43329	2.61191	0.53892	0.756777	10.1136
15.6983	19.8828	4.77304	2.63146	0.496849	radar	3.19132	16.2328	19.2166	15.7082	19.9978	-4.22185	2.32141	2.63886	0.537498	0.756777	3.19132
15.4639	20.0392	4.85323	2.6484	0.486668	lidar	1.27566	15.4332	20.1836	15.4956	20.111	-4.28461	2.2081	2.66574	0.53599	1.27566	3.19132
15.2494	20.1834	4.88329	2.65893	0.464696	radar	5.58595	14.3677	21.3406	15.2799	20.2185	-4.34427	2.09347	2.69253	0.534397	1.27566	5.58595
15.0636	20.3136	4.85751	2.66987	0.451892	lidar	1.84254	15.2016	20.4385	15.0613	20.3203	-4.4008	1.97763	2.71925	0.532721	1.84254	5.58595
14.8323	20.3959	4.857	2.70941	0.481052	radar	2.20727	14.7476	19.9571	14.84	20.4162	-4.4542	1.86068	2.74589	0.53096	1.84254	2.20727
14.6172	20.5149	4.8666	2.72585	0.472697	lidar	0.597643	14.6665	20.6088	14.6161	20.5063	-4.50443	1.74272	2.77244	0.529115	0.597643	2.20727
14.3784	20.6028	4.89139	2.76393	0.50463	radar	1.28556	13.841	21.0031	14.3897	20.5904	-4.55149	1.62386	2.79889	0.527187	0.597643	1.28556
14.1322	20.6762	4.90609	2.79668	0.512517	lidar	0.71296	14.0521	20.5924	14.1611	20.6686	-4.59537	1.50421	2.82525	0.525176	0.71296	1.28556
13.8937	20.7483	4.91828	2.83309	0.536864	radar	0.33853	13.8232	20.859	13.9304	20.7408	-4.63606	1.38386	2.85151	0.523081	0.71296	0.33853
13.6176	20.8123	4.97556	2.86829	0.54485	lidar	1.62307	13.4686	20.7253	13.6977	20.807	-4.67357	1.26294	2.87767	0.520904	1.62307	0.33853
13.3682	20.8435	4.98625	2.92359	0.603463	radar	2.21931	13.8263	20.4261	13.4632	20.8671	-4.70789	1.14153	2.90371	0.518645	1.62307	2.21931
13.1239	20.8819	4.97796	2.95797	0.608211	lidar	0.16305	13.1072	20.8294	13.2271	20.9211	-4.73904	1.01975	2.92964	0.516304	0.16305	2.21931
12.892	20.9414	4.96393	2.97793	0.592079	radar	1.83043	13.2669	21.1579	12.9895	20.969	-4.76702	0.897694	2.95546	0.513881	0.16305	1.83043
12.6982	20.9806	4.88239	3.00219	0.588514	lidar	2.03812	12.8729	21.0592	12.7506	21.0108	-4.79186	0.775469	2.98115	0.511377	2.03812	1.83043
12.444	21.0227	4.91139	3.02912	0.586621	radar	2.53697	11.5171	21.6724	12.5106	21.0465	-4.81358	0.653175	3.00672	0.508793	2.03812	2.53697
12.1975	21.059	4.92199	3.05404	0.581444	lidar	0.145793	12.2062	21.11	12.2695	21.0761	-4.83219	0.530912	3.03216	0.506127	0.145793	2.53697
11.9594	21.0788	4.91685	3.08496	0.588969	radar	0.931058	12.3859	21.1066	12.0276	21.0996	-4.84773	0.408778	3.05747	0.503383	0.145793	0.931058
11.7196	21.0469	4.88722	3.13032	0.607474	lidar	1.86577	11.6814	20.8651	11.785	21.117	-4.86022	0.286869	3.08264	0.500558	1.86577	0.931058
11.4733	21.0334	4.88408	3.16515	0.611674	radar	1.06043	11.5265	20.6748	11.5418	21.1283	-4.86971	0.165281	3.10767	0.497655	1.86577	1.06043
11.261	21.0246	4.83157	3.19526	0.612776	lidar	0.693264	11.363	21.0688	11.2982	21.1335	-4.87623	0.0441057	3.13255	0.494673	0.693264	1.06043
11.0072	20.986	4.84537	3.23428	0.621298	radar	4.10347	10.5558	20.5567	11.0544	21.1327	-4.87982	-0.076565	3.15728	0.491613	0.693264	4.10347
10.8008	20.9458	4.78374	3.27167	0.63043	lidar	0.519885	10.8903	20.927	10.8105	21.1259	-4.88053	-0.196643	3.18186	0.488475	0.519885	4.10347
10.5535	20.9456	4.76275	3.2732	0.56769	radar	5.70629	9.30535	21.3896	10.5666	21.1131	-4.8784	-0.31604	3.20629	0.48526	0.519885	5.70629
10.2652	20.9775	4.86435	3.27222	0.53084	lidar	3.50087	10.189	21.209	10.3229	21.0943	-4.87349	-0.434674	3.23055	0.481969	3.50087	5.70629
10.0266	20.959	4.85971	3.29079	0.519213	radar	1.01603	9.97958	21.2932	10.0795	21.0697	-4.86585	-0.552463	3.25465	0.478601	3.50087	1.01603
9.8389	20.9182	4.77219	3.32097	0.526546	lidar	1.6277	9.99634	20.9797	9.83658	21.0391	-4.85554	-0.669327	3.27858	0.475158	1.6277	1.01603
9.60646	20.9095	4.72802	3.31706	0.465669	radar	2.12137	9.38223	21.111	9.59422	21.0028	-4.84262	-0.785189	3.30234	0.47164	1.6277	2.12137
9.41805	20.8573	4.65413	3.34752	0.47576	lidar	0.896324	9.53921	20.8762	9.35258	20.9607	-4.82714	-0.899977	3.32592	0.468047	0.896324	2.12137
9.20015	20.8138	4.64529	3.37159	0.480129	radar	1.46152	9.63392	20.9724	9.11177	20.9128	-4.80919	-1.01362	3.34932	0.46438	0.896324	1.46152
8.897	20.7876	4.77567	3.37569	0.454359	lidar	2.43515	8.70331	20.8221	8.87192	20.8594	-4.78881	-1.12605	3.37254	0.46064	2.43515	1.46152
8.68577	20.7063	4.75114	3.41329	0.47718	radar	4.45231	9.84634	20.009	8.63315	20.8003	-4.76608	-1.2372	3.39557	0.456828	2.43515	4.45231
8.40281	20.6253	4.84458	3.43651	0.474324	lidar	2.86285	8.22277	20.4839	8.39557	20.7358	-4.74108	-1.34701	3.41841	0.452943	2.86285	4.45231
8.17409	20.5447	4.85205	3.46676	0.487207	radar	0.11995	8.29647	20.4978	8.1593	20.6657	-4.71387	-1.45542	3.44106	0.448987	2.86285	0.11995
7.92968	20.4656	4.87803	3.48859	0.483732	lidar	0.12549	7.88599	20.45	7.92445	20.5903	-4.68453	-1.56237	3.46351	0.444959	0.12549	0.11995
7.71393	20.3787	4.88622	3.52374	0.511271	radar	3.50263	8.29081	20.6565	7.69111	20.5096	-4.65313	-1.66781	3.48576	0.440862	0.12549	3.50263
7.39474	20.3235	5.03281	3.51921	0.473456	lidar	3.26396	7.18029	20.392	7.45939	20.4237	-4.61975	-1.7717	3.5078	0.436695	3.26396	3.50263
7.16009	20.2279	5.02898	3.54042	0.466735	radar	0.216718	7.09214	20.1196	7.22939	20.3326	-4.58448	-1.87399	3.52963	0.432459	3.26396	0.216718
6.89338	20.1454	5.08369	3.55068	0.450577	lidar	0.500358	6.81542	20.1859	7.00119	20.2364	-4.54738	-1.97462	3.55126	0.428154	0.500358	0.216718
6.66587	20.0547	5.06222	3.56595	0.437176	radar	0.495582	6.89359	20.1536	6.7749	20.1352	-4.50854	-2.07357	3.57266	0.423782	0.500358	0.495582
6.41888	19.963	5.08612	3.579	0.42664	lidar	0.209725	6.38914	20.0137	6.55059	20.0292	-4.46805	-2.17079	3.59385	0.419343	0.209725	0.495582
6.2009	19.8697	5.06445	3.59687	0.424338	radar	2.89636	6.67637	20.2142	6.32834	19.9183	-4.42598	-2.26625	3.61482	0.414838	0.209725	2.89636
5.93715	19.7761	5.11765	3.6033	0.406371	lidar	0.563639	5.86119	19.8306	6.10823	19.8027	-4.38241	-2.35993	3.63556	0.410268	0.563639	2.89636
5.70368	19.6303	5.17275	3.64332	0.445607	radar	1.89452	5.28178	19.5036	5.89034	19.6824	-4.33744	-2.45178	3.65608	0.405632	0.563639	1.89452
5.53759	19.5046	5.07798	3.67768	0.461409	lidar	1.67339	5.69089	19.5755	5.67472	19.5577	-4.29114	-2.5418	3.67636	0.400933	1.67339	1.89452
5.33623	19.3554	5.06903	3.71213	0.478014	radar	1.79606	5.9506	18.9859	5.46145	19.4284	-4.24359	-2.62995	3.6964	0.39617	1.67339	1.79606
5.12639	19.2528	5.04813	3.72358	0.464187	lidar	1.94393	5.17021	19.4397	5.25059	19.2948	-4.19488	-2.71622	3.71621	0.391345	1.94393	1.79606
4.93809	19.1413	4.96682	3.73367	0.436558	radar	4.70318	5.87397	19.301	5.04219	19.157	-4.1451	-2.80059	3.73578	0.386458	1.94393	4.70318
4.7826	18.9893	4.89841	3.7716	0.457098	lidar	0.769937	4.89149	18.982	4.8363	19.015	-4.09432	-2.88305	3.7551	0.381509	0.769937	4.70318
4.57235	18.839	4.94611	3.79728	0.468521	radar	1.49455	3.98679	19.0452	4.63297	18.8689	-4.04263	-2.96359	3.77418	0.376501	0.769937	1.49455
4.39847	18.7069	4.90304	3.81912	0.467792	lidar	1.11454	4.4685	18.834	4.43224	18.7188	-3.99012	-3.0422	3.793	0.371433	1.11454	1.49455
4.22038	18.5647	4.84424	3.83414	0.446831	radar	1.30172	4.69245	18.4634	4.23416	18.5648	-3.93685	-3.11888	3.81158	0.366307	1.11454	1.30172
4.10257	18.4095	4.74694	3.87551	0.472196	lidar	1.84509	4.26269	18.481	4.03876	18.4071	-3.88293	-3.19362	3.82989	0.361122	1.84509	1.30172
3.91629	18.236	4.86022	3.91543	0.517255	radar	7.20413	3.42434	18.8357	3.84606	18.2457	-3.82841	-3.26644	3.84795	0.355881	1.84509	7.20413
3.65041	18.095	4.96791	3.90137	0.466036	lidar	2.75565	3.45919	18.167	3.65611	18.0807	-3.77339	-3.33732	3.86574	0.350583	2.75565	7.20413
3.49111	17.9452	4.8775	3.91418	0.439879	radar	3.43454	4.3011	17.9267	3.46891	17.9122	-3.71795	-3.40627	3.88327	0.34523	2.75565	3.43454
3.25824	17.7784	4.95516	3.91464	0.411829	lidar	1.1732	3.12525	17.7493	3.28449	17.7402	-3.66215	-3.47331	3.90053	0.339823	1.1732	3.43454
3.07628	17.594	5.01927	3.94554	0.438881	radar	2.31864	2.65664	17.888	3.10287	17.565	-3.60609	-3.53844	3.91752	0.334362	1.1732	2.31864
2.89942	17.4765	4.97039	3.94586	0.414248	lidar	6.1605	2.9449	17.8154	2.92405	17.3866	-3.54982	-3.60167	3.93424	0.328848	6.1605	2.31864
2.75669	17.259	5.02814	3.99939	0.472932	radar	2.97911	3.26647	17.0897	2.74805	17.2051	-3.49344	-3.66302	3.95068	0.323282	6.1605	2.97911
2.58068	17.072	5.042	4.01677	0.465113	lidar	0.05856	2.55407	17.0853	2.57486	17.0205	-3.437	-3.72251	3.96685	0.317665	0.05856	2.97911
2.41806	16.9074	4.94653	4.01822	0.420072	radar	2.22119	2.55039	16.8884	2.4045	16.833	-3.38059	-3.78014	3.98273	0.311998	0.05856	2.22119
2.25456	16.7354	4.93743	4.03103	0.410479	lidar	0.511733	2.25371	16.8334	2.23695	16.6427	-3.32428	-3.83595	3.99833	0.306282	0.511733	2.22119
2.07855	16.5401	4.9261	4.03689	0.380669	radar	4.91383	1.57735	16.0489	2.07221	16.4497	-3.26812	-3.88995	4.01365	0.300517	0.511733	4.91383
1.92333	16.3096	4.96663	4.06505	0.390703	lidar	2.24641	1.88972	16.1054	1.91027	16.254	-3.21219	-3.94216	4.02867	0.294705	2.24641	4.91383
1.76774	16.1342	4.91094	4.06845	0.360611	radar	0.940014	1.74362	16.2687	1.75112	16.0557	-3.15656	-3.99261	4.04341	0.288846	2.24641	0.940014
1.5592	15.9666	4.95476	4.05429	0.320707	lidar	1.65088	1.44745	16.0853	1.59474	15.8549	-3.10129	-4.04132	4.05785	0.282942	1.65088	0.940014
1.43151	15.734	5.02559	4.09924	0.372835	radar	2.15446	1.6097	15.5526	1.44111	15.6517	-3.04644	-4.08832	4.07199	0.276993	1.65088	2.15446
1.25714	15.5152	5.07542	4.10864	0.360621	lidar	0.724211	1.18395	15.4284	1.29021	15.4463	-2.99207	-4.13364	4.08584	0.271	0.724211	2.15446
1.09866	15.3228	5.05788	4.11288	0.339194	radar	0.948739	0.828993	15.528	1.14201	15.2386	-2.93825	-4.1773	4.09939	0.264964	0.724211	0.948739
0.882311	15.1033	5.15374	4.10226	0.303807	lidar	2.11796	0.722706	15.0075	0.996486	15.0288	-2.88503	-4.21933	4.11264	0.258887	2.11796	0.948739
0.735492	14.9241	5.0735	4.10083	0.270986	radar	2.45059	1.03147	15.2134	0.853604	14.8169	-2.83246	-4.25977	4.12559	0.252769	2.11796	2.45059
0.640221	14.7105	5.02441	4.13509	0.296871	lidar	0.632788	0.737301	14.7047	0.71333	14.603	-2.78061	-4.29864	4.13823	0.246611	0.632788	2.45059
0.526908	14.4681	5.08318	4.17436	0.339457	radar	1.86198	0.722177	14.2445	0.575628	14.3872	-2.72952	-4.33598	4.15056	0.240414	0.632788	1.86198
0.351109	14.245	5.13965	4.1731	0.316285	lidar	0.716881	0.253435	14.2029	0.440459	14.1696	-2.67925	-4.37181	4.16258	0.234179	0.716881	1.86198
0.224745	13.9912	5.24951	4.2102	0.361741	radar	2.85619	-0.0328023	13.9604	0.307779	13.9502	-2.62984	-4.40617	4.17429	0.227907	0.716881	2.85619
0.222069	13.7429	5.14185	4.282	0.429357	lidar	3.97073	0.459172	13.6856	0.177545	13.7292	-2.58135	-4.43909	4.18568	0.221599	3.97073	2.85619
0.116512	13.4996	5.19442	4.30969	0.444794	radar	0.829478	0.0524412	13.6377	0.0497099	13.5065	-2.53381	-4.47061	4.19676	0.215255	3.97073	0.829478
-0.0534108	13.2668	5.25373	4.30028	0.404043	lidar	1.28542	-0.190344	13.2856	-0.0757753	13.2823	-2.48728	-4.50075	4.20752	0.208879	1.28542	0.829478
-0.172062	13.0499	5.18495	4.30225	0.37047	radar	1.25672	-0.275043	13.1456	-0.198962	13.0566	-2.44179	-4.52955	4.21797	0.202468	1.28542	1.25672
-0.165582	12.8261	5.07074	4.36532	0.42909	lidar	3.55457	0.0462308	12.9301	-0.319903	12.8295	-2.39739	-4.55704	4.22809	0.196027	3.55457	1.25672
-0.282558	12.6019	5.01254	4.36258	0.386773	radar	3.43859	-0.684792	12.3563	-0.438654	12.6011	-2.35412	-4.58326	4.23789	0.189554	3.55457	3.43859
-0.403756	12.3667	5.04232	4.36482	0.364407	lidar	0.356881	-0.476482	12.3633	-0.555273	12.3714	-2.31202	-4.60823	4.24737	0.183051	0.356881	3.43859
-0.526927	12.159	4.99871	4.35598	0.32353	radar	3.68865	-0.972122	12.5207	-0.669818	12.1404	-2.27111	-4.63198	4.25652	0.176519	0.356881	3.68865
-0.602887	11.9416	4.96939	4.37383	0.32635	lidar	0.518031	-0.582624	12.0386	-0.78235	11.9083	-2.23144	-4.65456	4.26535	0.169959	0.518031	3.68865
-0.729779	11.7133	4.97589	4.36513	0.290169	radar	2.72116	-1.26757	11.6495	-0.892931	11.6751	-2.19304	-4.67598	4.27385	0.163373	0.518031	2.72116
-0.933409	11.4681	5.08034	4.32476	0.218655	lidar	4.06037	-1.17212	11.3988	-1.00163	11.4409	-2.15594	-4.69628	4.28201	0.156761	4.06037	2.72116
-1.03771	11.2437	5.01224	4.31992	0.184304	radar	2.5574	-0.891441	10.959	-1.1085	11.2057	-2.12017	-4.71549	4.28985	0.150124	4.06037	2.5574
-1.2183	11.0165	5.07373	4.28879	0.1331	lidar	2.05506	-1.39289	11.0424	-1.21362	10.9695	-2.08575	-4.73364	4.29736	0.143463	2.05506	2.5574
-1.29633	10.7691	5.13052	4.31997	0.179112	radar	1.56529	-1.29894	10.9012	-1.31706	10.7324	-2.05273	-4.75075	4.30453	0.136779	2.05506	1.56529
-1.42728	10.5144	5.18214	4.31605	0.162636	lidar	0.791625	-1.49687	10.4198	-1.41889	10.4945	-2.02111	-4.76686	4.31137	0.130074	0.791625	1.56529
-1.51674	10.2498	5.24888	4.33948	0.192351	radar	1.43487	-1.59293	10.0212	-1.51917	10.2559	-1.99093	-4.78198	4.31787	0.123349	0.791625	1.43487
-1.61114	10.0409	5.20159	4.34437	0.187269	lidar	2.02821	-1.61875	10.2374	-1.61797	10.0165	-1.96221	-4.79615	4.32404	0.116604	2.02821	1.43487
-1.69959	9.81171	5.16257	4.35069	0.17912	radar	0.537069	-1.59702	9.96554	-1.71539	9.77637	-1.93498	-4.80939	4.32987	0.10984	2.02821	0.537069
-1.77029	9.59321	5.11511	4.36546	0.186929	lidar	0.856133	-1.73381	9.71347	-1.81147	9.53564	-1.90924	-4.82172	4.33536	0.10306	0.856133	0.537069
-1.88394	9.33892	5.19281	4.37011	0.190061	radar	2.49101	-2.27191	9.37316	-1.90631	9.29431	-1.88502	-4.83316	4.34052	0.0962627	0.856133	2.49101
-1.96627	9.04466	5.25692	4.38738	0.198636	lidar	3.99108	-1.93833	8.77028	-1.99998	9.05243	-1.86233	-4.84374	4.34533	0.0894504	3.99108	2.49101
-2.05125	8.82338	5.18391	4.38628	0.175032	radar	1.88908	-1.96565	9.13274	-2.09256	8.81003	-1.8412	-4.85347	4.3498	0.0826241	3.99108	1.88908
-2.1472	8.57117	5.20469	4.38957	0.167949	lidar	0.106439	-2.1768	8.5411	-2.18412	8.56717	-1.82164	-4.86238	4.35393	0.0757847	0.106439	1.88908
-2.27989	8.31481	5.25763	4.37543	0.138212	radar	2.67292	-2.65862	8.19477	-2.27474	8.32388	-1.80365	-4.87047	4.35772	0.0689333	0.106439	2.67292
-2.32061	8.08416	5.19571	4.40071	0.161821	lidar	0.933033	-2.21875	8.15339	-2.3645	8.0802	-1.78726	-4.87778	4.36117	0.062071	0.933033	2.67292
-2.37963	7.87379	5.11561	4.41118	0.161943	radar	5.52857	-2.273	8.52315	-2.45348	7.83617	-1.77248	-4.8843	4.36427	0.0551989	0.933033	5.52857
-2.49567	7.6213	5.16152	4.40181	0.139754	lidar	0.660343	-2.59674	7.60288	-2.54177	7.59184	-1.75931	-4.89006	4.36703	0.0483182	0.660343	5.52857
-2.66233	7.38537	5.1646	4.35547	0.0531015	radar	5.34448	-3.08256	7.38874	-2.62944	7.34723	-1.74777	-4.89507	4.36945	0.0414297	0.660343	5.34448
-2.76735	7.12941	5.19761	4.35292	0.0462933	lidar	0.296063	-2.79865	7.064	-2.71658	7.10238	-1.73786	-4.89933	4.37152	0.0345348	0.296063	5.34448
-2.82473	6.89575	5.17998	4.37643	0.0841086	radar	1.79282	-2.79412	7.20818	-2.80326	6.85734	-1.72958	-4.90286	4.37325	0.0276344	0.296063	1.79282
-2.86079	6.69235	5.07714	4.39743	0.105203	lidar	2.53151	-2.74651	6.86867	-2.88957	6.61214	-1.72295	-4.90566	4.37463	0.0207296	2.53151	1.79282
-2.92014	6.47412	4.98018	4.39628	0.0784291	radar	3.80172	-2.57673	6.36755	-2.97559	6.36681	-1.71797	-4.90774	4.37567	0.0138215	2.53151	3.80172
-2.97407	6.2395	4.95644	4.40993	0.0903222	lidar	0.306919	-2.90217	6.22989	-3.0614	6.12139	-1.71464	-4.90911	4.37636	0.00691132	0.306919	3.80172
-3.09455	5.9897	5.0293	4.39815	0.0745997	radar	3.5476	-3.50172	6.10796	-3.14709	5.87592	-1.71297	-4.90976	4.3767	-1.76894e-016	0.306919	3.5476
-3.18076	5.71316	5.09315	4.40162	0.0735515	lidar	1.77777	-3.1778	5.53101	-3.23274	5.63043	-1.71295	-4.9097	4.3767	-0.00691132	1.77777	3.5476
-3.29137	5.46555	5.09509	4.37912	0.021909	radar	2.15327	-3.19736	5.19093	-3.31843	5.38496	-1.71458	-4.90893	4.37636	-0.0138215	1.77777	2.15327
-3.391	5.20248	5.14469	4.37544	0.0158437	lidar	0.616703	-3.43031	5.10507	-3.40424	5.13955	-1.71787	-4.90745	4.37567	-0.0207296	0.616703	2.15327
-3.45658	4.95692	5.14611	4.39116	0.0440433	radar	0.295813	-3.4281	4.94644	-3.49026	4.89422	-1.72281	-4.90525	4.37463	-0.0276344	0.616703	0.295813
-3.57591	4.67448	5.24322	4.38155	0.030118	lidar	2.11967	-3.69435	4.52196	-3.57657	4.64902	-1.72939	-4.90233	4.37325	-0.0345348	2.11967	0.295813
-3.68627	4.42073	5.25112	4.36014	-0.0185626	radar	2.07178	-3.50501	4.17643	-3.66325	4.40398	-1.73763	-4.89868	4.37152	-0.0414297	2.11967	2.07178
-3.82394	4.14562	5.34454	4.34401	-0.0354231	lidar	2.34826	-4.00238	4.04684	-3.75039	4.15913	-1.74749	-4.8943	4.36945	-0.0483182	2.34826	2.07178
-3.90093	3.90604	5.32316	4.35884	0.000610045	radar	1.33358	-4.06447	4.10977	-3.83806	3.91452	-1.75899	-4.88918	4.36703	-0.0551989	2.34826	1.33358
-3.97102	3.67631	5.2678	4.36457	0.00607944	lidar	0.772073	-3.88053	3.75177	-3.92635	3.67019	-1.77212	-4.8833	4.36427	-0.062071	0.772073	1.33358
-4.06948	3.47461	5.18787	4.34642	-0.0329355	radar	4.10929	-4.23729	3.88878	-4.01533	3.42616	-1.78686	-4.87666	4.36117	-0.0689333	0.772073	4.10929
-4.1608	3.23042	5.18992	4.34564	-0.0319661	lidar	0.0110159	-4.15119	3.21968	-4.10509	3.18248	-1.8032	-4.86925	4.35772	-0.0757847	0.0110159	4.10929
-4.27728	2.97422	5.23286	4.33003	-0.0605075	radar	0.676189	-4.27467	2.88187	-4.19571	2.93919	-1.82113	-4.86104	4.35393	-0.0826241	0.0110159	0.676189
-4.36889	2.69818	5.28519	4.33374	-0.0517862	lidar	1.29232	-4.32451	2.55034	-4.28727	2.69633	-1.84065	-4.85202	4.3498	-0.0894504	1.29232	0.676189
-4.45428	2.4491	5.2803	4.34103	-0.0316965	radar	0.233134	-4.38481	2.39989	-4.37985	2.45393	-1.86173	-4.84218	4.34533	-0.0962627	1.29232	0.233134
-4.56022	2.18198	5.32885	4.33963	-0.029743	lidar	0.589235	-4.61223	2.09192	-4.47352	2.21205	-1.88436	-4.83149	4.34052	-0.10306	0.589235	0.233134
-4.66919	1.95252	5.30981	4.31287	-0.0922616	radar	3.934	-4.29257	1.92854	-4.56836	1.97072	-1.90853	-4.81994	4.33536	-0.10984	0.589235	3.934
-4.78694	1.67539	5.38412	4.30982	-0.0871928	lidar	1.43421	-4.86829	1.53442	-4.66444	1.72998	-1.93422	-4.80751	4.32987	-0.116604	1.43421	3.934
-4.91036	1.42561	5.41095	4.29308	-0.113777	radar	0.384055	-4.98165	1.43611	-4.76186	1.48989	-1.9614	-4.79417	4.32404	-0.123349	1.43421	0.384055
-4.96845	1.19637	5.32851	4.29918	-0.105154	lidar	5.15141	-4.66779	1.28643	-4.86066	1.25049	-1.99007	-4.7799	4.31787	-0.130074	5.15141	0.384055
-5.06191	0.983757	5.25201	4.29675	-0.0964236	radar	1.19158	-4.98594	1.10894	-4.96095	1.01182	-2.02019	-4.76468	4.31137	-0.136779	5.15141	1.19158
-5.12177	0.7553	5.18865	4.30267	-0.0880003	lidar	3.97187	-4.85498	0.825661	-5.06277	0.77393	-2.05174	-4.74848	4.30453	-0.143463	3.97187	1.19158
-5.21713	0.455185	5.30553	4.30991	-0.077271	radar	5.29278	-4.84736	0.18101	-5.16621	0.536876	-2.08471	-4.73127	4.29736	-0.150124	3.97187	5.29278
-5.29153	0.216718	5.27034	4.31337	-0.0707629	lidar	1.56698	-5.1231	0.257311	-5.27133	0.300706	-2.11906	-4.71303	4.28985	-0.156761	1.56698	5.29278
-5.40046	-0.0166079	5.23668	4.3172	-0.0425497	radar	5.8871	-5.99809	-0.290765	-5.3782	0.0654719	-2.15477	-4.69374	4.28201	-0.163373	1.56698	5.8871
-5.47065	-0.253093	5.20354	4.32284	-0.0351558	lidar	1.61177	-5.29972	-0.212982	-5.4869	-0.168772	-2.1918	-4.67335	4.27385	-0.169959	1.61177	5.8871
-5.59093	-0.428668	5.11114	4.29455	-0.079366	radar	3.67263	-5.64447	-0.144522	-5.59748	-0.401971	-2.23014	-4.65185	4.26535	-0.176519	1.61177	3.67263
-5.72697	-0.60883	5.04033	4.2672	-0.111815	lidar	2.45876	-5.85359	-0.445801	-5.71001	-0.634069	-2.26974	-4.62919	4.25652	-0.183051	2.45876	3.67263
-5.84286	-0.837738	5.09517	4.24432	-0.15912	radar	5.40289	-5.30947	-0.724468	-5.82456	-0.865006	-2.31058	-4.60536	4.24737	-0.189554	2.45876	5.40289
-5.93862	-1.11219	5.16363	4.2556	-0.131314	lidar	1.63392	-5.87835	-1.26863	-5.94118	-1.09472	-2.35262	-4.58032	4.23789	-0.196027	1.63392	5.40289
-6.02714	-1.3845	5.21759	4.26836	-0.104702	radar	2.89961	-5.68069	-1.52871	-6.05993	-1.32316	-2.39581	-4.55404	4.22809	-0.202468	1.63392	2.89961
-6.16619	-1.59018	5.18559	4.24626	-0.127865	lidar	1.02537	-6.27263	-1.50938	-6.18087	-1.55025	-2.44014	-4.52648	4.21797	-0.208879	1.02537	2.89961
-6.31104	-1.82907	5.288	4.21498	-0.187605	radar	3.78721	-6.11355	-1.75966	-6.30406	-1.77593	-2.48555	-4.49762	4.20752	-0.215255	1.02537	3.78721
-6.41776	-2.08208	5.3101	4.21851	-0.169817	lidar	0.523655	-6.34007	-2.13685	-6.42954	-2.00014	-2.532	-4.46742	4.19676	-0.221599	0.523655	3.78721
-6.56913	-2.2819	5.25779	4.19491	-0.186475	radar	3.08347	-6.99344	-2.17445	-6.55738	-2.22281	-2.57946	-4.43585	4.18568	-0.227907	0.523655	3.08347
-6.71966	-2.49029	5.23955	4.17323	-0.203471	lidar	0.428507	-6.79288	-2.4458	-6.68761	-2.44386	-2.62788	-4.40288	4.17429	-0.234179	0.428507	3.08347
-6.87608	-2.70155	5.2404	4.15082	-0.221917	radar	1.03748	-7.14408	-2.67584	-6.82029	-2.66323	-2.6772	-4.36847	4.16258	-0.240414	0.428507	1.03748
-6.96722	-2.97662	5.29174	4.17319	-0.175535	lidar	2.58976	-6.8003	-3.10086	-6.95546	-2.88084	-2.7274	-4.3326	4.15056	-0.246611	2.58976	1.03748
-7.09542	-3.19999	5.25595	4.17066	-0.160745	radar	0.326146	-7.13937	-3.22028	-7.09316	-3.09663	-2.7784	-4.29523	4.13823	-0.252769	2.58976	0.326146
-7.2203	-3.39204	5.19964	4.15611	-0.171641	lidar	1.39459	-7.12118	-3.26434	-7.23344	-3.3105	-2.83017	-4.25632	4.12559	-0.258887	1.39459	0.326146
-7.36593	-3.64298	5.24681	4.15543	-0.158199	radar	4.45638	-7.77186	-4.08999	-7.37632	-3.5224	-2.88265	-4.21586	4.11264	-0.264964	1.39459	4.45638
-7.52668	-3.77314	5.12658	4.11074	-0.211281	lidar	4.71861	-7.49009	-3.49081	-7.52184	-3.73223	-2.93579	-4.1738	4.09939	-0.271	4.71861	4.45638
-7.6721	-3.98132	5.13908	4.09764	-0.217943	radar	0.45921	-7.52393	-3.88213	-7.67004	-3.93992	-2.98953	-4.13012	4.08584	-0.276993	4.71861	0.45921
-7.82535	-4.21323	5.17462	4.0928	-0.2087	lidar	0.550156	-7.88049	-4.29783	-7.82094	-4.14538	-3.04381	-4.08479	4.07199	-0.282942	0.550156	0.45921
-7.97643	-4.43183	5.18121	4.086	-0.202363	radar	0.408166	-8.08524	-4.57834	-7.97457	-4.34854	-3.09857	-4.03778	4.05785	-0.288846	0.550156	0.408166
-8.13669	-4.67399	5.23239	4.08426	-0.189676	lidar	1.24461	-8.22492	-4.79812	-8.13095	-4.5493	-3.15376	-3.98906	4.04341	-0.294705	1.24461	0.408166
-8.27497	-4.87553	5.13281	4.08555	-0.163181	radar	2.42557	-8.453	-4.95621	-8.2901	-4.74759	-3.2093	-3.93862	4.02867	-0.300517	1.24461	2.42557
-8.40546	-5.09574	5.13524	4.08903	-0.147583	lidar	0.291754	-8.33552	-5.1059	-8.45204	-4.94331	-3.26514	-3.88641	4.01365	-0.306282	0.291754	2.42557
-8.5525	-5.25817	5.02034	4.07305	-0.152211	radar	3.64384	-8.55062	-4.79248	-8.61678	-5.13637	-3.32121	-3.83242	3.99833	-0.311998	0.291754	3.64384
-8.74239	-5.45683	5.04771	4.05069	-0.171218	lidar	1.78341	-8.91477	-5.51752	-8.78433	-5.32669	-3.37745	-3.77663	3.98273	-0.317665	1.78341	3.64384
-8.90204	-5.65292	5.03711	4.0409	-0.171378	radar	0.275802	-9.04115	-5.69364	-8.95469	-5.51417	-3.43377	-3.71901	3.96685	-0.323282	1.78341	0.275802
-9.05776	-5.83901	5.02297	4.02938	-0.175584	lidar	0.101918	-9.03391	-5.80267	-9.12788	-5.69872	-3.49012	-3.65955	3.95068	-0.328848	0.101918	0.275802
-9.19708	-5.99119	4.9069	4.017	-0.175995	radar	5.76373	-8.86897	-5.41973	-9.30388	-5.88026	-3.54643	-3.59823	3.93424	-0.334362	0.101918	5.76373
-9.3756	-6.08806	4.81079	3.96924	-0.229338	lidar	4.31038	-9.30811	-5.82368	-9.4827	-6.05868	-3.60261	-3.53503	3.91752	-0.339823	4.31038	5.76373
-9.55267	-6.2699	4.83698	3.95452	-0.233968	radar	0.999889	-9.80646	-6.41174	-9.66432	-6.23389	-3.6586	-3.46994	3.90053	-0.34523	4.31038	0.999889
-9.68911	-6.48354	4.85777	3.9678	-0.200648	lidar	0.655486	-9.62547	-6.55958	-9.84874	-6.4058	-3.71431	-3.40295	3.88327	-0.350583	0.655486	0.999889
-9.91473	-6.64215	4.9439	3.92587	-0.247341	radar	7.14794	-10.6688	-6.35543	-10.0359	-6.57431	-3.76969	-3.33404	3.86574	-0.355881	0.655486	7.14794
-10.1178	-6.8083	4.9602	3.90115	-0.263244	lidar	0.658117	-10.2246	-6.83402	-10.2259	-6.73933	-3.82463	-3.26321	3.84795	-0.361122	0.658117	7.14794
-10.3043	-6.96895	4.98351	3.88157	-0.273578	radar	0.959971	-10.2205	-6.71044	-10.4186	-6.90075	-3.87907	-3.19046	3.82989	-0.366307	0.658117	0.959971
-10.5341	-7.15312	5.04554	3.85895	-0.284057	lidar	3.71787	-10.7616	-7.29159	-10.614	-7.05849	-3.93293	-3.11577	3.81158	-0.371433	3.71787	0.959971
-10.7419	-7.29211	5.04869	3.82875	-0.306057	radar	1.77513	-10.8944	-6.83335	-10.8121	-7.21245	-3.98613	-3.03916	3.793	-0.376501	3.71787	1.77513
-10.9888	-7.45667	5.10608	3.79864	-0.324273	lidar	3.54371	-11.2219	-7.56979	-11.0128	-7.36252	-4.03859	-2.96062	3.77418	-0.381509	3.54371	1.77513
-11.1782	-7.5935	5.04453	3.78037	-0.326819	radar	1.27048	-10.986	-7.3707	-11.2161	-7.50862	-4.09021	-2.88015	3.7551	-0.386458	3.54371	1.27048
-11.3243	-7.75201	4.99381	3.78664	-0.2983	lidar	3.16712	-11.0934	-7.6776	-11.422	-7.65064	-4.14093	-2.79777	3.73578	-0.391345	3.16712	1.27048
-11.5206	-7.87613	4.95322	3.76324	-0.309637	radar	1.72425	-11.4213	-7.46085	-11.6304	-7.78849	-4.19066	-2.71349	3.71621	-0.39617	3.16712	1.72425
-11.6992	-7.98071	4.89268	3.73974	-0.321227	lidar	2.89277	-11.5269	-7.8215	-11.8413	-7.92208	-4.23932	-2.6273	3.6964	-0.400933	2.89277	1.72425
-11.8923	-8.09051	4.79379	3.7155	-0.332184	radar	1.54877	-11.9422	-7.88317	-12.0546	-8.05131	-4.28682	-2.53924	3.67636	-0.405632	2.89277	1.54877
-12.1062	-8.181	4.775	3.67949	-0.35769	lidar	0.540441	-12.09	-8.08828	-12.2702	-8.17609	-4.33309	-2.44932	3.65608	-0.410268	0.540441	1.54877
-12.3357	-8.30956	4.89814	3.66002	-0.357698	radar	2.82682	-12.4462	-8.02117	-12.4881	-8.29633	-4.37802	-2.35756	3.63556	-0.414838	0.540441	2.82682
-12.5384	-8.3914	4.85589	3.62922	-0.375169	lidar	1.63177	-12.4231	-8.2599	-12.7082	-8.41193	-4.42156	-2.26399	3.61482	-0.419343	1.63177	2.82682
-12.7442	-8.4743	4.76685	3.59858	-0.393092	radar	1.53015	-12.7461	-8.19449	-12.9304	-8.5228	-4.4636	-2.16863	3.59385	-0.423782	1.63177	1.53015
-13.0229	-8.56528	4.83855	3.55585	-0.421544	lidar	4.20961	-13.2911	-8.64594	-13.1547	-8.62886	-4.50407	-2.07151	3.57266	-0.428154	4.20961	1.53015
-13.2749	-8.66442	4.92312	3.53112	-0.422914	radar	2.78498	-13.7929	-8.47158	-13.381	-8.73002	-4.54289	-1.97267	3.55126	-0.432459	4.20961	2.78498
-13.4953	-8.71265	4.88657	3.49271	-0.445867	lidar	1.6795	-13.384	-8.57583	-13.6092	-8.82619	-4.57997	-1.87214	3.52963	-0.436695	1.6795	2.78498
-13.7113	-8.74904	4.77257	3.44803	-0.481392	radar	3.47123	-13.6376	-8.26344	-13.8392	-8.91729	-4.61524	-1.76997	3.5078	-0.440862	1.6795	3.47123
-13.9345	-8.86582	4.79085	3.44724	-0.451151	lidar	1.13921	-13.9959	-8.99264	-14.0709	-9.00324	-4.64861	-1.6662	3.48576	-0.444959	1.13921	3.47123
-14.1897	-8.95686	4.92177	3.4359	-0.427886	radar	2.97334	-14.4737	-8.79552	-14.3043	-9.08395	-4.68001	-1.56086	3.46351	-0.448987	1.13921	2.97334
-14.4108	-9.07515	4.92261	3.44107	-0.393902	lidar	0.810494	-14.4273	-9.1875	-14.5391	-9.15936	-4.70936	-1.45402	3.44106	-0.452943	0.810494	2.97334
-14.6395	-9.14564	4.89122	3.42121	-0.396386	radar	0.311363	-14.5757	-9.32634	-14.7754	-9.22939	-4.73658	-1.34573	3.41841	-0.456828	0.810494	0.311363
-14.9283	-9.14119	4.94153	3.35773	-0.451292	lidar	1.83306	-15.062	-9.04396	-15.013	-9.29397	-4.76161	-1.23603	3.39557	-0.46064	1.83306	0.311363
-15.1885	-9.21364	4.98071	3.34284	-0.440329	radar	4.55211	-15.6189	-9.69365	-15.2517	-9.35302	-4.78436	-1.125	3.37254	-0.46438	1.83306	4.55211
-15.4518	-9.33583	5.02979	3.35331	-0.398335	lidar	5.42836	-15.6682	-9.56749	-15.4916	-9.40649	-4.80476	-1.01269	3.34932	-0.468047	5.42836	4.55211
-15.6934	-9.36388	4.95058	3.31654	-0.428962	radar	2.10777	-15.9382	-9.35751	-15.7324	-9.45431	-4.82275	-0.899159	3.32592	-0.47164	5.42836	2.10777
-15.9492	-9.45264	4.97883	3.31635	-0.401634	lidar	2.16408	-16.0862	-9.59819	-15.9741	-9.49642	-4.83827	-0.784484	3.30234	-0.475158	2.16408	2.10777
-16.2001	-9.46063	4.94509	3.27559	-0.433316	radar	2.23965	-16.6033	-8.85459	-16.2164	-9.53277	-4.85124	-0.668734	3.27858	-0.478601	2.16408	2.23965
-16.4513	-9.45398	4.94875	3.23539	-0.456705	lidar	0.476065	-16.4229	-9.37029	-16.4594	-9.5633	-4.8616	-0.55198	3.25465	-0.481969	0.476065	2.23965
-16.667	-9.45429	4.87449	3.20331	-0.473981	radar	5.06888	-16.011	-9.33486	-16.7027	-9.58797	-4.8693	-0.434301	3.23055	-0.48526	0.476065	5.06888
-16.9519	-9.43769	4.93574	3.16081	-0.496781	lidar	1.46845	-17.1132	-9.43043	-16.9464	-9.60673	-4.87427	-0.315773	3.20629	-0.488475	1.46845	5.06888
-17.2039	-9.49996	4.97872	3.17031	-0.445838	radar	7.97213	-16.9255	-10.8571	-17.1903	-9.61954	-4.87646	-0.196479	3.18186	-0.491613	1.46845	7.97213
-17.4641	-9.51936	4.9962	3.15412	-0.43799	lidar	0.506013	-17.5448	-9.57485	-17.4342	-9.62636	-4.87583	-0.0765024	3.15728	-0.494673	0.506013	7.97213
-17.7216	-9.50806	4.98165	3.12149	-0.457419	radar	1.67615	-18.1371	-9.39146	-17.6781	-9.62717	-4.87232	0.0440703	3.13255	-0.497655	0.506013	1.67615
-17.9765	-9.47497	4.99405	3.08616	-0.472823	lidar	0.177509	-17.9724	-9.42299	-17.9216	-9.62194	-4.86588	0.165151	3.10767	-0.500558	0.177509	1.67615
-18.2198	-9.43678	4.9588	3.04712	-0.499908	radar	0.63794	-18.3083	-9.18778	-18.1648	-9.61064	-4.85648	0.286648	3.08264	-0.503383	0.177509	0.63794
-18.4164	-9.48868	4.8679	3.06224	-0.45122	lidar	2.25836	-18.2763	-9.60997	-18.4074	-9.59325	-4.84408	0.40847	3.05747	-0.506127	2.25836	0.63794
-18.6521	-9.47831	4.88521	3.05103	-0.429605	radar	1.72569	-18.2443	-9.58547	-18.6493	-9.56977	-4.82864	0.530522	3.03216	-0.508793	2.25836	1.72569
-18.9011	-9.46918	4.89102	3.03676	-0.420597	lidar	0.269368	-18.9545	-9.51544	-18.8904	-9.54017	-4.81012	0.652707	3.00672	-0.511377	0.269368	1.72569
-19.1307	-9.43245	4.89396	3.01599	-0.414933	radar	3.92983	-18.6983	-9.02886	-19.1305	-9.50447	-4.78851	0.774927	2.98115	-0.513881	0.269368	3.92983
-19.38	-9.30701	4.93374	2.95141	-0.468842	lidar	3.05211	-19.2983	-9.09865	-19.3694	-9.46265	-4.76378	0.897083	2.95546	-0.516304	3.05211	3.92983
-19.6129	-9.23031	4.90088	2.90823	-0.503226	radar	1.09429	-19.7037	-8.79906	-19.6069	-9.41472	-4.73591	1.01907	2.92964	-0.518645	3.05211	1.09429
-19.8674	-9.10246	4.95474	2.85112	-0.541906	lidar	1.27399	-19.8731	-8.96417	-19.8431	-9.36071	-4.70487	1.1408	2.90371	-0.520904	1.27399	1.09429
-20.1065	-8.99864	4.97868	2.81175	-0.554595	radar	4.90774	-20.3815	-7.6755	-20.0775	-9.30061	-4.67066	1.26215	2.87767	-0.523081	1.27399	4.90774
-20.2696	-9.14349	4.75195	2.88682	-0.43307	lidar	14.6036	-20.1607	-9.59663	-20.3102	-9.23446	-4.63328	1.38303	2.85151	-0.525176	14.6036	4.90774
-20.5079	-9.10462	4.76934	2.88005	-0.409564	radar	1.56186	-20.4587	-9.7448	-20.5409	-9.16227	-4.59271	1.50334	2.82525	-0.527187	14.6036	1.56186
-20.731	-9.00481	4.78013	2.84297	-0.429641	lidar	0.744635	-20.6596	-8.91527	-20.7696	-9.08409	-4.54895	1.62296	2.79889	-0.529115	0.744635	1.56186
-20.9733	-8.92435	4.79791	2.81637	-0.439132	radar	2.50481	-21.5568	-8.5005	-20.9959	-8.99994	-4.50202	1.74179	2.77244	-0.53096	0.744635	2.50481
-21.1684	-8.85667	4.74492	2.79793	-0.435272	lidar	1.18774	-21.0195	-8.85081	-21.2198	-8.90987	-4.45191	1.85972	2.74589	-0.532721	1.18774	2.50481
-21.4013	-8.77012	4.74964	2.77117	-0.446839	radar	1.95184	-21.8628	-8.64129	-21.4412	-8.81393	-4.39865	1.97666	2.71925	-0.534397	1.18774	1.95184
-21.5915	-8.74855	4.66061	2.77695	-0.413497	lidar	1.51029	-21.5029	-8.87191	-21.6597	-8.71217	-4.34224	2.0925	2.69253	-0.53599	1.51029	1.95184
-21.7807	-8.60855	4.59734	2.71253	-0.491042	radar	6.40928	-21.9514	-7.41274	-21.8754	-8.60465	-4.2827	2.20712	2.66574	-0.537498	1.51029	6.40928
-21.9837	-8.53005	4.57649	2.69649	-0.480921	lidar	0.11168	-21.9793	-8.57089	-22.0881	-8.49143	-4.22007	2.32043	2.63886	-0.53892	0.11168	6.40928
-22.1933	-8.42537	4.60997	2.67896	-0.461771	radar	2.07391	-22.1914	-7.70392	-22.2975	-8.37258	-4.15437	2.43232	2.61191	-0.540258	0.11168	2.07391
-22.4272	-8.32207	4.64992	2.66	-0.456528	lidar	1.33868	-22.5838	-8.35296	-22.5035	-8.24817	-4.08564	2.5427	2.5849	-0.54151	1.33868	2.07391
-22.617	-8.2089	4.61816	2.62935	-0.47284	radar	0.837558	-22.3177	-8.57758	-22.7061	-8.11829	-4.01391	2.65145	2.55783	-0.542677	1.33868	0.837558
-22.8622	-7.95326	4.80336	2.55045	-0.536799	lidar	6.18742	-22.9861	-7.6724	-22.9049	-7.98301	-3.93923	2.75848	2.53069	-0.543759	6.18742	0.837558
-23.0527	-7.80255	4.77201	2.50052	-0.587662	radar	3.3913	-23.2693	-8.32031	-23.1	-7.84243	-3.86163	2.8637	2.5035	-0.544754	6.18742	3.3913
-23.2833	-7.61973	4.86455	2.46215	-0.596845	lidar	2.26089	-23.4777	-7.56583	-23.2911	-7.69663	-3.78118	2.967	2.47627	-0.545663	2.26089	3.3913
-23.4846	-7.48039	4.89528	2.45656	-0.545777	radar	1.86252	-23.473	-7.02103	-23.4781	-7.54572	-3.69792	3.06828	2.44898	-0.546486	2.26089	1.86252
-23.6492	-7.339	4.849	2.43148	-0.544056	lidar	0.667227	-23.5408	-7.36069	-23.6609	-7.3898	-3.61191	3.16746	2.42166	-0.547223	0.667227	1.86252
-23.8415	-7.1773	4.87442	2.41112	-0.527859	radar	0.92479	-24.0505	-6.56968	-23.8393	-7.22897	-3.52321	3.26445	2.3943	-0.547873	0.667227	0.92479
-23.9997	-7.09149	4.75756	2.40988	-0.501125	lidar	2.11048	-23.9384	-7.26171	-24.0132	-7.06336	-3.43189	3.35916	2.3669	-0.548437	2.11048	0.92479
-24.1676	-6.90844	4.76528	2.37043	-0.525224	radar	1.95721	-24.3577	-5.94086	-24.1825	-6.89307	-3.33801	3.45149	2.33948	-0.548915	2.11048	1.95721
-24.3319	-6.64876	4.87059	2.31067	-0.56208	lidar	3.15502	-24.2574	-6.4352	-24.347	-6.71823	-3.24166	3.54138	2.31204	-0.549305	3.15502	1.95721
-24.4993	-6.47151	4.85993	2.27755	-0.580741	radar	3.47553	-24.788	-7.18367	-24.5066	-6.53896	-3.14289	3.62873	2.28457	-0.549609	3.15502	3.47553
-24.5937	-6.33998	4.72018	2.25293	-0.578001	lidar	5.26887	-24.3008	-6.43799	-24.6612	-6.35538	-3.0418	3.71347	2.25709	-0.549826	5.26887	3.47553
-24.7346	-6.15193	4.71947	2.22269	-0.578253	radar	0.299473	-24.6108	-6.00878	-24.8107	-6.16764	-2.93846	3.79553	2.2296	-0.549957	5.26887	0.299473
-24.919	-5.94319	4.79299	2.19895	-0.571134	lidar	2.78237	-25.146	-5.91902	-24.955	-5.97587	-2.83295	3.87484	2.2021	-0.55	2.78237	0.299473
-25.0504	-5.73769	4.80335	2.16879	-0.567847	radar	1.846	-24.8975	-5.02285	-25.094	-5.7802	-2.72537	3.95132	2.1746	-0.549957	2.78237	1.846
-25.1822	-5.56901	4.75861	2.14961	-0.558203	lidar	0.359176	-25.1941	-5.64372	-25.2276	-5.58079	-2.61581	4.02492	2.1471	-0.549826	0.359176	1.846
-25.3363	-5.38341	4.77596	2.14556	-0.511544	radar	1.32762	-25.5328	-5.4399	-25.3556	-5.37777	-2.50435	4.09557	2.11961	-0.549609	0.359176	1.32762
-25.4819	-5.15588	4.83096	2.11822	-0.512669	lidar	0.616556	-25.5713	-5.10241	-25.4779	-5.1713	-2.39109	4.16322	2.09213	-0.549305	0.616556	1.32762
-25.6132	-4.98029	4.80535	2.11742	-0.462519	radar	6.27808	-25.0178	-6.55904	-25.5946	-4.96152	-2.27613	4.22781	2.06467	-0.548915	0.616556	6.27808
-25.727	-4.81197	4.74057	2.10173	-0.455006	lidar	0.550657	-25.6952	-4.89995	-25.7055	-4.7486	-2.15956	4.2893	2.03722	-0.548437	0.550657	6.27808
-25.8477	-4.60596	4.74799	2.08338	-0.44415	radar	0.176642	-25.8162	-4.40681	-25.8105	-4.53268	-2.04149	4.34764	2.0098	-0.547873	0.550657	0.176642
-25.9619	-4.35891	4.80757	2.0516	-0.454362	lidar	0.543402	-25.9516	-4.26659	-25.9096	-4.31392	-1.92202	4.40279	1.98241	-0.547223	0.543402	0.176642
-26.0702	-4.137	4.79761	2.00387	-0.520975	radar	11.2415	-26.8953	-4.43966	-26.0027	-4.0925	-1.80125	4.45471	1.95504	-0.546486	0.543402	11.2415
-26.1631	-3.84701	4.90457	1.95985	-0.540178	lidar	1.90987	-26.1198	-3.67723	-26.0897	-3.86856	-1.67928	4.50337	1.92772	-0.545663	1.90987	11.2415
-26.2367	-3.60757	4.89964	1.90536	-0.604156	radar	3.45573	-26.5652	-3.85723	-26.1706	-3.64227	-1.55623	4.54875	1.90044	-0.544754	1.90987	3.45573
-26.2645	-3.34027	4.92126	1.85224	-0.629299	lidar	4.28084	-25.9974	-3.24722	-26.2453	-3.41381	-1.4322	4.59081	1.8732	-0.543759	4.28084	3.45573
-26.3144	-3.09438	4.92452	1.80595	-0.659939	radar	0.381295	-26.2976	-3.01078	-26.3138	-3.18332	-1.30729	4.62954	1.84601	-0.542677	4.28084	0.381295
-26.3368	-2.86275	4.89182	1.76413	-0.670343	lidar	1.41718	-26.1741	-2.87885	-26.376	-2.95098	-1.18162	4.66493	1.81888	-0.54151	1.41718	0.381295
-26.3955	-2.63752	4.8743	1.74416	-0.645954	radar	1.52106	-26.4681	-3.44967	-26.4319	-2.71697	-1.05529	4.69696	1.7918	-0.540258	1.41718	1.52106
-26.4697	-2.4938	4.72942	1.73746	-0.621823	lidar	5.8985	-26.674	-2.73852	-26.4815	-2.48143	-0.928411	4.72562	1.76479	-0.53892	5.8985	1.52106
-26.5257	-2.2594	4.74012	1.72312	-0.586448	radar	1.09094	-26.657	-1.72382	-26.5247	-2.24456	-0.80109	4.75091	1.73784	-0.537498	5.8985	1.09094
-26.575	-2.06686	4.67535	1.70443	-0.576408	lidar	1.16732	-26.6691	-2.17333	-26.5616	-2.0065	-0.673434	4.77284	1.71097	-0.53599	1.16732	1.09094
-26.6064	-1.8316	4.68195	1.68679	-0.546298	radar	2.02716	-26.3248	-1.32261	-26.5921	-1.76744	-0.545553	4.79141	1.68417	-0.534397	1.16732	2.02716
-26.6046	-1.58041	4.70467	1.64852	-0.55788	lidar	1.14029	-26.4671	-1.53207	-26.6161	-1.52753	-0.417552	4.80664	1.65745	-0.532721	1.14029	2.02716
-26.6013	-1.35279	4.68865	1.60511	-0.591516	radar	1.63968	-26.4998	-2.19526	-26.6338	-1.28695	-0.289538	4.81852	1.63081	-0.53096	1.14029	1.63968
-26.6048	-1.12554	4.67617	1.57563	-0.591666	lidar	0.019898	-26.5998	-1.14277	-26.6451	-1.04586	-0.161616	4.8271	1.60426	-0.529115	0.019898	1.63968
-26.6344	-0.90313	4.66237	1.56181	-0.569059	radar	5.16014	-27.2008	-1.67679	-26.65	-0.804425	-0.0338883	4.83238	1.57781	-0.527187	0.019898	5.16014
-26.6461	-0.648533	4.70388	1.53878	-0.562231	lidar	0.599826	-26.7355	-0.59539	-26.6485	-0.562811	0.0935412	4.83439	1.55145	-0.525176	0.599826	5.16014
-26.6332	-0.406821	4.72106	1.49928	-0.592418	radar	2.26224	-26.9891	0.0351487	-26.6406	-0.321181	0.220572	4.83317	1.52519	-0.523081	0.599826	2.26224
-26.588	-0.105262	4.8357	1.45892	-0.601907	lidar	2.63608	-26.4553	0.0602653	-26.6264	-0.0796947	0.347104	4.82874	1.49904	-0.520904	2.63608	2.26224
-26.5687	0.134855	4.83985	1.42969	-0.606844	radar	2.75325	-26.9537	0.136943	-26.6059	0.161489	0.473041	4.82116	1.47299	-0.518645	2.63608	2.75325
-26.5451	0.432159	4.94322	1.40499	-0.598431	lidar	1.58842	-26.6201	0.57588	-26.5792	0.402213	0.598287	4.81045	1.44706	-0.516304	1.58842	2.75325
-26.5335	0.671401	4.92641	1.39859	-0.553151	radar	1.81319	-26.8241	0.381506	-26.5462	0.642323	0.722748	4.79667	1.42124	-0.513881	1.58842	1.81319
-26.5263	0.955471	4.99852	1.38633	-0.534944	lidar	2.868	-26.7293	1.06082	-26.5069	0.881666	0.846334	4.77986	1.39555	-0.511377	2.868	1.81319
-26.4885	1.21895	5.01708	1.38195	-0.478956	radar	6.92615	-25.9562	2.60409	-26.4616	1.12009	0.968955	4.76007	1.36998	-0.508793	2.868	6.92615
-26.4323	1.45248	4.99652	1.35517	-0.482381	lidar	0.117081	-26.3986	1.42212	-26.4101	1.35745	1.09053	4.73737	1.34454	-0.506127	0.117081	6.92615
-26.3933	1.67011	4.94301	1.34311	-0.457194	radar	8.37168	-26.5072	-0.563928	-26.3526	1.59361	1.21096	4.71181	1.31923	-0.503383	0.117081	8.37168
-26.3394	1.87619	4.88289	1.31981	-0.458618	lidar	0.453526	-26.3594	1.79315	-26.2891	1.82841	1.33018	4.68345	1.29407	-0.500558	0.453526	8.37168
-26.2707	2.10736	4.88036	1.28997	-0.474585	radar	0.286429	-26.3475	1.82827	-26.2197	2.06173	1.44811	4.65235	1.26904	-0.497655	0.453526	0.286429
-26.2096	2.29544	4.79905	1.26602	-0.475992	lidar	0.857271	-26.2502	2.18481	-26.1444	2.29342	1.56467	4.61859	1.24416	-0.494673	0.857271	0.286429
-26.1468	2.52206	4.78372	1.25552	-0.445055	radar	0.686134	-26.069	2.27896	-26.0633	2.52336	1.67979	4.58223	1.21942	-0.491613	0.857271	0.686134
-26.0686	2.76543	4.81346	1.23432	-0.443461	lidar	0.109376	-26.0641	2.80701	-25.9765	2.75141	1.79339	4.54334	1.19484	-0.488475	0.109376	0.686134
-25.9729	2.98796	4.83016	1.1897	-0.498573	radar	3.00166	-26.3234	3.02388	-25.8841	2.97746	1.90543	4.502	1.17042	-0.48526	0.109376	3.00166
-25.8705	3.27173	4.93812	1.16815	-0.493225	lidar	1.45239	-25.8345	3.42005	-25.7861	3.20139	2.01582	4.45828	1.14615	-0.481969	1.45239	3.00166
-25.7873	3.50247	4.94149	1.1485	-0.489959	radar	2.1244	-26.1824	3.73376	-25.6826	3.42306	2.12452	4.41227	1.12206	-0.478601	1.45239	2.1244
-25.6819	3.70032	4.89787	1.12005	-0.495049	lidar	0.276303	-25.6666	3.63509	-25.5737	3.64239	2.23146	4.36404	1.09813	-0.475158	0.276303	2.1244
-25.5652	3.90744	4.88514	1.08834	-0.507746	radar	1.14744	-25.5773	3.13316	-25.4596	3.85924	2.3366	4.31367	1.07437	-0.47164	0.276303	1.14744
-25.4994	4.08221	4.79255	1.07381	-0.497653	lidar	3.78087	-25.7492	3.99968	-25.3402	4.07353	2.43989	4.26125	1.05079	-0.468047	3.78087	1.14744
-25.3764	4.28288	4.78422	1.04397	-0.505916	radar	0.603116	-25.3516	3.75691	-25.2157	4.28514	2.54127	4.20686	1.02738	-0.46438	3.78087	0.603116
-25.2157	4.50359	4.8319	1.00868	-0.515937	lidar	2.04908	-25.0214	4.52803	-25.0863	4.49399	2.64071	4.15058	1.00417	-0.46064	2.04908	0.603116
-25.0657	4.69926	4.81446	0.985468	-0.495236	radar	8.96805	-24.2719	4.30917	-24.9518	4.69998	2.73817	4.09251	0.981133	-0.456828	2.04908	8.96805
-24.9477	4.89235	4.7939	0.965204	-0.490731	lidar	0.421194	-25.0363	4.88499	-24.8126	4.90303	2.83361	4.03273	0.958291	-0.452943	0.421194	8.96805
-24.7917	5.0827	4.79591	0.935087	-0.49495	radar	2.31561	-24.3609	4.95947	-24.6686	5.10304	2.92701	3.97132	0.935644	-0.448987	0.421194	2.31561
-24.6225	5.29974	4.85449	0.908146	-0.495991	lidar	0.939787	-24.5041	5.35293	-24.5201	5.29995	3.01833	3.90839	0.913195	-0.444959	0.939787	2.31561
-24.4503	5.47773	4.87414	0.863283	-0.537373	radar	0.898848	-24.4379	5.24592	-24.367	5.49367	3.10754	3.84401	0.890947	-0.440862	0.939787	0.898848
-24.2627	5.65026	4.87944	0.825637	-0.549207	lidar	1.2179	-24.1159	5.61152	-24.2095	5.68414	3.19464	3.77827	0.868904	-0.436695	1.2179	0.898848
-24.0975	5.81028	4.86605	0.788622	-0.571196	radar	3.15192	-24.5638	4.75836	-24.0477	5.8713	3.27959	3.71127	0.847069	-0.432459	1.2179	3.15192
-23.9233	5.96983	4.85091	0.757131	-0.574899	lidar	0.0454054	-23.9153	5.94377	-23.8818	6.05508	3.36239	3.64309	0.825446	-0.428154	0.0454054	3.15192
-23.7811	6.15485	4.7827	0.769045	-0.486382	radar	4.77594	-23.5491	6.44495	-23.7117	6.23542	3.44302	3.57383	0.804038	-0.423782	0.0454054	4.77594
-23.6146	6.30973	4.76288	0.744035	-0.48776	lidar	0.080375	-23.6471	6.29102	-23.5377	6.41227	3.52148	3.50357	0.782849	-0.419343	0.080375	4.77594
-23.4665	6.48236	4.72906	0.741375	-0.446611	radar	1.73204	-23.7544	6.53746	-23.3598	6.58559	3.59775	3.4324	0.761882	-0.414838	0.080375	1.73204
-23.2391	6.71355	4.88111	0.727618	-0.432727	lidar	4.32106	-23.0099	6.86182	-23.1781	6.75533	3.67185	3.36041	0.74114	-0.410268	4.32106	1.73204
-23.044	6.85427	4.85496	0.701331	-0.430691	radar	5.52779	-22.7862	5.74143	-22.9928	6.92146	3.74376	3.28768	0.720627	-0.405632	4.32106	5.52779
-22.8298	7.0297	4.91118	0.679333	-0.429847	lidar	0.99755	-22.6991	7.063	-22.804	7.08393	3.8135	3.21431	0.700345	-0.400933	0.99755	5.52779
-22.6171	7.16467	4.92411	0.641689	-0.457501	radar	1.57796	-22.418	6.76159	-22.6117	7.24273	3.88106	3.14038	0.680299	-0.39617	0.99755	1.57796
-22.433	7.30846	4.90662	0.621911	-0.454455	lidar	0.302151	-22.5083	7.31524	-22.4161	7.39782	3.94647	3.06598	0.66049	-0.391345	0.302151	1.57796
-22.2022	7.43634	4.97266	0.571008	-0.514926	radar	2.53733	-22.0543	7.85452	-22.2173	7.54917	4.00974	2.99118	0.640923	-0.386458	0.302151	2.53733
-22.0207	7.5987	4.97753	0.562226	-0.495809	lidar	2.1118	-22.1947	7.69478	-22.0154	7.69679	4.07087	2.91607	0.6216	-0.381509	2.1118	2.53733
-21.8364	7.77202	4.95327	0.572778	-0.430566	radar	5.72442	-21.6178	9.0351	-21.8105	7.84064	4.12989	2.84074	0.602525	-0.376501	2.1118	5.72442
-21.6291	7.91407	4.96289	0.555214	-0.425846	lidar	0.0576725	-21.6473	7.94	-21.6026	7.98072	4.18681	2.76526	0.583699	-0.371433	0.0576725	5.72442
-21.4387	8.04875	4.93059	0.545161	-0.405614	radar	1.61762	-21.8637	7.78661	-21.392	8.11703	4.24166	2.68971	0.565128	-0.366307	0.0576725	1.61762
-21.217	8.07752	4.83123	0.487991	-0.449557	lidar	4.55921	-21.0853	7.83229	-21.1787	8.24957	4.29447	2.61417	0.546812	-0.361122	4.55921	1.61762
-21.026	8.23231	4.78637	0.504914	-0.371735	radar	6.07538	-20.5503	9.28616	-20.9628	8.37833	4.34526	2.53871	0.528756	-0.355881	4.55921	6.07538
-20.8486	8.3853	4.7884	0.507103	-0.347925	lidar	3.03992	-21.0519	8.50983	-20.7444	8.50333	4.39406	2.46341	0.510962	-0.350583	3.03992	6.07538
-20.6053	8.49718	4.86177	0.471381	-0.387018	radar	4.57889	-19.9265	9.40847	-20.5237	8.62457	4.4409	2.38835	0.493433	-0.34523	3.03992	4.57889
-20.354	8.63846	4.94014	0.458566	-0.377939	lidar	1.32805	-20.21	8.68914	-20.3006	8.74206	4.48582	2.31358	0.476172	-0.339823	1.32805	4.57889
-20.1558	8.77071	4.89113	0.467419	-0.322724	radar	1.6609	-20.2277	8.8532	-20.0753	8.85583	4.52884	2.23919	0.459181	-0.334362	1.32805	1.6609
-19.9591	8.86968	4.8524	0.451299	-0.323448	lidar	0.586203	-20.0633	8.86724	-19.848	8.96589	4.57001	2.16524	0.442462	-0.328848	0.586203	1.6609
-19.7603	8.98865	4.80657	0.455353	-0.281888	radar	1.18481	-19.9264	8.78179	-19.6186	9.07227	4.60937	2.09179	0.42602	-0.323282	0.586203	1.18481
-19.5403	9.05842	4.77717	0.427185	-0.298432	lidar	0.65456	-19.4861	8.96665	-19.3873	9.17499	4.64694	2.01891	0.409856	-0.317665	0.65456	1.18481
-19.2982	9.16707	4.83857	0.407437	-0.312427	radar	4.5509	-18.5719	10.2069	-19.1542	9.27409	4.68278	1.94666	0.393973	-0.311998	0.65456	4.5509
-19.0099	9.26143	4.92778	0.382023	-0.322148	lidar	6.06026	-18.6786	9.19191	-18.9193	9.36959	4.71692	1.8751	0.378373	-0.306282	6.06026	4.5509
-18.793	9.34419	4.91095	0.362633	-0.329852	radar	1.69188	-19.2825	8.98189	-18.6827	9.46154	4.7494	1.80429	0.363059	-0.300517	6.06026	1.69188
-18.5364	9.44849	4.96526	0.350139	-0.324307	lidar	0.727665	-18.4242	9.46852	-18.4446	9.54996	4.78028	1.73429	0.348033	-0.294705	0.727665	1.69188
-18.2698	9.47839	5.01986	0.290825	-0.402267	radar	5.79471	-18.1634	8.72444	-18.2049	9.63492	4.80959	1.66514	0.333298	-0.288846	0.727665	5.79471
-17.973	9.61437	5.1564	0.290995	-0.376332	lidar	3.12991	-17.7736	9.72478	-17.9639	9.71643	4.83737	1.59691	0.318855	-0.282942	3.12991	5.79471
-17.7264	9.71057	5.1328	0.294473	-0.329699	radar	2.8809	-17.2296	9.97767	-17.7214	9.79457	4.86368	1.52964	0.304708	-0.276993	3.12991	2.8809
-17.4498	9.82009	5.20701	0.289933	-0.314411	lidar	0.912111	-17.3436	9.88109	-17.4777	9.86936	4.88856	1.46338	0.290859	-0.271	0.912111	2.8809
-17.1997	9.90001	5.21738	0.276069	-0.314098	radar	0.416707	-17.1554	10.212	-17.2328	9.94087	4.91205	1.39818	0.277309	-0.264964	0.912111	0.416707
-16.9263	10.0243	5.2927	0.280764	-0.289293	lidar	1.04765	-16.8876	10.145	-16.9868	10.0091	4.93421	1.33408	0.26406	-0.258887	1.04765	0.416707
-16.669	10.0947	5.29718	0.265215	-0.291067	radar	0.0448002	-16.5958	10.1078	-16.7396	10.0743	4.95507	1.27113	0.251116	-0.252769	1.04765	0.0448002
-16.4228	10.1981	5.31016	0.265861	-0.273547	lidar	1.14389	-16.5153	10.3091	-16.4915	10.1362	4.97469	1.20937	0.238478	-0.246611	1.14389	0.0448002
-16.163	10.2697	5.32799	0.250169	-0.281152	radar	0.486513	-16.09	10.5824	-16.2424	10.1952	4.99311	1.14883	0.226147	-0.240414	1.14389	0.486513
-15.9339	10.2847	5.24862	0.218655	-0.302197	lidar	0.991698	-16.006	10.1843	-15.9924	10.2511	5.01039	1.08956	0.214126	-0.234179	0.991698	0.486513
-15.685	10.3522	5.2289	0.213949	-0.281732	radar	0.269197	-15.7234	10.41	-15.7416	10.3041	5.02655	1.03159	0.202417	-0.227907	0.991698	0.269197
-15.4711	10.3357	5.11763	0.174382	-0.31278	lidar	2.00899	-15.5699	10.1904	-15.4899	10.3543	5.04166	0.974957	0.191022	-0.221599	2.00899	0.269197
-15.172	10.3626	5.23415	0.135344	-0.363746	radar	7.66743	-14.2385	10.9109	-15.2376	10.4016	5.05576	0.919692	0.179942	-0.215255	2.00899	7.66743
-14.912	10.4154	5.24765	0.125148	-0.354164	lidar	0.219046	-14.9365	10.4722	-14.9846	10.4462	5.06889	0.865828	0.169179	-0.208879	0.219046	7.66743
-14.6703	10.451	5.15182	0.127958	-0.30011	radar	6.5959	-14.724	9.63507	-14.7309	10.4882	5.0811	0.813394	0.158735	-0.202468	0.219046	6.5959
-14.4325	10.4105	5.08352	0.0838771	-0.335784	lidar	2.18564	-14.4088	10.222	-14.4766	10.5276	5.09243	0.762418	0.148612	-0.196027	2.18564	6.5959
-14.1726	10.4354	5.0878	0.0714029	-0.326686	radar	0.561923	-13.9005	10.5238	-14.2218	10.5645	5.10293	0.712926	0.138811	-0.189554	2.18564	0.561923
-13.8599	10.594	5.25161	0.114246	-0.252522	lidar	7.72823	-13.8049	10.9383	-13.9665	10.5989	5.11263	0.664944	0.129333	-0.183051	7.72823	0.561923
-13.6034	10.6589	5.2141	0.131608	-0.19276	radar	1.9601	-13.3956	10.7857	-13.7107	10.631	5.12159	0.618496	0.120181	-0.176519	7.72823	1.9601
-13.3577	10.6532	5.17498	0.105839	-0.212474	lidar	0.632075	-13.3556	10.5517	-13.4545	10.6608	5.12983	0.573603	0.111355	-0.169959	0.632075	1.9601
-13.0939	10.6789	5.1928	0.0928332	-0.218669	radar	0.218963	-12.9374	10.8137	-13.1979	10.6884	5.13741	0.530288	0.102857	-0.163373	0.632075	0.218963
-12.8378	10.7745	5.22441	0.112296	-0.182546	lidar	3.88971	-12.9591	11.0099	-12.9409	10.7138	5.14436	0.48857	0.0946879	-0.156761	3.88971	0.218963
-12.5708	10.8276	5.23663	0.117303	-0.159436	radar	1.3051	-12.2518	11.2495	-12.6836	10.7373	5.15071	0.448467	0.0868499	-0.150124	3.88971	1.3051
-12.3421	10.7882	5.15389	0.0810489	-0.193159	lidar	2.05383	-12.3713	10.6091	-12.426	10.7587	5.15651	0.409997	0.0793437	-0.143463	2.05383	1.3051
-12.085	10.826	5.14088	0.0854829	-0.165526	radar	0.521175	-11.9352	10.9161	-12.1681	10.7783	5.16179	0.373177	0.0721706	-0.136779	2.05383	0.521175
-11.8383	10.8906	5.1464	0.0951832	-0.144532	lidar	2.0132	-11.9451	11.0515	-11.91	10.7961	5.16658	0.338022	0.0653316	-0.130074	2.0132	0.521175
-11.5598	10.9119	5.18467	0.0858887	-0.148341	radar	2.66739	-10.9703	10.9676	-11.6516	10.8121	5.17092	0.304546	0.0588279	-0.123349	2.0132	2.66739
-11.3341	10.9238	5.12834	0.0746069	-0.153239	lidar	0.827049	-11.4548	10.9407	-11.393	10.8265	5.17484	0.272761	0.0526604	-0.116604	0.827049	2.66739
-11.0701	10.8537	5.20326	-0.00247423	-0.289616	radar	9.60897	-11.3472	10.5111	-11.1342	10.8394	5.17836	0.242681	0.0468302	-0.10984	0.827049	9.60897
-10.777	10.8259	5.24687	-0.0270519	-0.300792	lidar	2.71866	-10.6009	10.6823	-10.8753	10.8509	5.18153	0.214317	0.0413382	-0.10306	2.71866	9.60897
-10.522	10.8225	5.2296	-0.0378084	-0.292313	radar	0.207151	-10.6563	10.8369	-10.6161	10.8609	5.18435	0.187679	0.0361852	-0.0962627	2.71866	0.207151
-10.2904	10.8147	5.18315	-0.0516481	-0.292148	lidar	1.01249	-10.4142	10.8747	-10.3569	10.8697	5.18687	0.162776	0.0313721	-0.0894504	1.01249	0.207151
-10.0431	10.8708	5.09606	-0.0124376	-0.186778	radar	6.67926	-9.90413	11.2255	-10.0976	10.8772	5.1891	0.139618	0.0268996	-0.0826241	1.01249	6.67926
-9.78079	10.9197	5.12568	0.000540058	-0.159918	lidar	2.03879	-9.83445	11.1032	-9.83809	10.8837	5.19106	0.118212	0.0227684	-0.0757847	2.03879	6.67926
-9.55316	10.8979	5.0674	-0.0156092	-0.167471	radar	3.94569	-10.195	10.3498	-9.57852	10.8891	5.19278	0.0985664	0.0189791	-0.0689333	2.03879	3.94569
-9.29099	10.9255	5.09228	-0.0103074	-0.15124	lidar	0.692857	-9.3066	11.0348	-9.31887	10.8936	5.19428	0.0806865	0.0155325	-0.062071	0.692857	3.94569
-9.04723	10.9045	5.05778	-0.0215116	-0.14904	radar	2.59677	-9.2226	10.3527	-9.05915	10.8972	5.19557	0.0645787	0.0124289	-0.0551989	0.692857	2.59677
-8.78079	10.9377	5.09232	-0.0123268	-0.129488	lidar	1.01672	-8.78899	11.0707	-8.79937	10.9001	5.19667	0.050248	0.00966898	-0.0483182	1.01672	2.59677
-8.54393	10.8927	5.0497	-0.0358495	-0.148635	radar	6.40592	-8.83914	10.0319	-8.53953	10.9023	5.19759	0.0376992	0.00725307	-0.0414297	1.01672	6.40592
-8.38477	10.8102	4.87415	-0.0766125	-0.188089	lidar	4.96808	-8.62045	10.6577	-8.27965	10.9039	5.19835	0.0269359	0.00518158	-0.0345348	4.96808	6.40592
-8.13495	10.8222	4.86846	-0.064918	-0.150416	radar	1.4658	-7.91543	11.1157	-8.01974	10.905	5.19896	0.0179617	0.00345484	-0.0276344	4.96808	1.4658
-7.79043	10.8738	5.0555	-0.0391172	-0.109905	lidar	5.57996	-7.51971	11.0005	-7.75979	10.9057	5.19942	0.0107791	0.00207312	-0.0207296	5.57996	1.4658
-7.52751	10.8752	5.05181	-0.0293275	-0.0758073	radar	1.98559	-7.25987	10.6458	-7.49981	10.9061	5.19975	0.00539029	0.00103664	-0.0138215	5.57996	1.98559
-7.25037	10.8644	5.09308	-0.0331151	-0.0755876	lidar	0.612322	-7.15631	10.815	-7.23983	10.9063	5.19994	0.00179692	0.000345566	-0.00691132	0.612322	1.98559
-7.0126	10.8982	5.03691	-0.00337388	-0.00910835	radar	3.43944	-7.39396	11.0181	-6.97983	10.9064	5.2	-7.84874e-015	-1.50937e-015	3.53787e-016	0.612322	3.43944
